8
8
8
8
8
8
8
8
8
8
8
7
7
7
7
7
7
7
7
7
7
7
6
6
6
6
6
6
6
6
6
6
6
4
4
4
4
4
4
4
4
4
4
4
1
1
1
1
1
1
1
1
1
1
1
5
5
5
5
5
5
5
5
5
5
5
3
3
3
3
3
3
3
3
3
3
3
12
12
12
12
12
12
12
12
12
12
12
10
10
10
10
10
10
10
10
10
10
10
13
13
13
13
13
13
13
13
13
13
13
14
14
14
14
14
14
14
14
14
14
14
2
2
2
2
2
2
2
2
2
2
2
15
15
15
15
15
15
15
15
15
15
15
9
9
9
9
9
9
9
9
9
9
9
11
11
11
11
11
11
11
11
11
11
11
17
17
17
17
17
17
17
17
17
17
17
18
18
18
18
18
18
18
18
18
18
18
20
20
20
20
20
20
20
20
20
20
20
21
21
21
21
21
21
21
21
21
21
21
22
22
22
22
22
22
22
22
22
22
22
23
23
23
23
23
23
23
23
23
23
23
24
24
24
24
24
24
24
24
24
24
24
16
16
16
16
16
16
16
16
16
16
16
25
25
25
25
25
25
25
25
25
25
25
27
27
27
27
27
27
27
27
27
27
27
29
29
29
29
29
29
29
29
29
29
29
28
28
28
28
28
28
28
28
28
28
28
32
32
32
32
32
32
32
32
32
32
32
26
26
26
26
26
26
26
26
26
26
26
31
31
31
31
31
31
31
31
31
31
31
36
36
36
36
36
36
36
36
36
36
36
38
38
38
38
38
38
38
38
38
38
38
39
39
39
39
39
39
39
39
39
39
39
35
35
35
35
35
35
35
35
35
35
35
33
33
33
33
33
33
33
33
33
33
33
41
41
41
41
41
41
41
41
41
41
41
42
42
42
42
42
42
42
42
42
42
42
40
40
40
40
40
40
40
40
40
40
40
37
37
37
37
37
37
37
37
37
37
37
43
43
43
43
43
43
43
43
43
43
43
44
44
44
44
44
44
44
44
44
44
44
47
47
47
47
47
47
47
47
47
47
47
48
48
48
48
48
48
48
48
48
48
48
46
46
46
46
46
46
46
46
46
46
46
45
45
45
45
45
45
45
45
45
45
45
49
49
49
49
49
49
49
49
49
49
49
19
19
19
19
19
19
19
19
19
19
19
54
54
54
54
54
54
54
54
54
54
54
53
53
53
53
53
53
53
53
53
53
53
52
52
52
52
52
52
52
52
52
52
52
55
55
55
55
55
55
55
55
55
55
55
51
51
51
51
51
51
51
51
51
51
51
50
50
50
50
50
50
50
50
50
50
50
59
59
59
59
59
59
59
59
59
59
59
58
58
58
58
58
58
58
58
58
58
58
57
57
57
57
57
57
57
57
57
57
57
63
63
63
63
63
63
63
63
63
63
63
62
62
62
62
62
62
62
62
62
62
62
65
65
65
65
65
65
65
65
65
65
65
56
56
56
56
56
56
56
56
56
56
56
64
64
64
64
64
64
64
64
64
64
64
60
60
60
60
60
60
60
60
60
60
60
68
68
68
68
68
68
68
68
68
68
68
67
67
67
67
67
67
67
67
67
67
67
70
70
70
70
70
70
70
70
70
70
70
69
69
69
69
69
69
69
69
69
69
69
66
66
66
66
66
66
66
66
66
66
66
72
72
72
72
72
72
72
72
72
72
72
71
71
71
71
71
71
71
71
71
71
71
76
76
76
76
76
76
76
76
76
76
76
75
75
75
75
75
75
75
75
75
75
75
77
77
77
77
77
77
77
77
77
77
77
78
78
78
78
78
78
78
78
78
78
78
79
79
79
79
79
79
79
79
79
79
79
81
81
81
81
81
81
81
81
81
81
81
80
80
80
80
80
80
80
80
80
80
80
82
82
82
82
82
82
82
82
82
82
82
83
83
83
83
83
83
83
83
83
83
83
74
74
74
74
74
74
74
74
74
74
74
86
86
86
86
86
86
86
86
86
86
86
87
87
87
87
87
87
87
87
87
87
87
88
88
88
88
88
88
88
88
88
88
88
84
84
84
84
84
84
84
84
84
84
84
90
90
90
90
90
90
90
90
90
90
90
85
85
85
85
85
85
85
85
85
85
85
92
92
92
92
92
92
92
92
92
92
92
93
93
93
93
93
93
93
93
93
93
93
96
96
96
96
96
96
96
96
96
96
96
94
94
94
94
94
94
94
94
94
94
94
91
91
91
91
91
91
91
91
91
91
91
95
95
95
95
95
95
95
95
95
95
95
34
34
34
34
34
34
34
34
34
34
34
97
97
97
97
97
97
97
97
97
97
97
98
98
98
98
98
98
98
98
98
98
98
100
100
100
100
100
100
100
100
100
100
100
103
103
103
103
103
103
103
103
103
103
103
102
102
102
102
102
102
102
102
102
102
102
99
99
99
99
99
99
99
99
99
99
99
104
104
104
104
104
104
104
104
104
104
104
108
108
108
108
108
108
108
108
108
108
108
106
106
106
106
106
106
106
106
106
106
106
107
107
107
107
107
107
107
107
107
107
107
73
73
73
73
73
73
73
73
73
73
73
109
109
109
109
109
109
109
109
109
109
109
112
112
112
112
112
112
112
112
112
112
112
113
113
113
113
113
113
113
113
113
113
113
115
115
115
115
115
115
115
115
115
115
115
110
110
110
110
110
110
110
110
110
110
110
105
105
105
105
105
105
105
105
105
105
105
101
101
101
101
101
101
101
101
101
101
101
117
117
117
117
117
117
117
117
117
117
117
116
116
116
116
116
116
116
116
116
116
116
120
120
120
120
120
120
120
120
120
120
120
119
119
119
119
119
119
119
119
119
119
119
111
111
111
111
111
111
111
111
111
111
111
118
118
118
118
118
118
118
118
118
118
118
122
122
122
122
122
122
122
122
122
122
122
124
124
124
124
124
124
124
124
124
124
124
123
123
123
123
123
123
123
123
123
123
123
125
125
125
125
125
125
125
125
125
125
125
121
121
121
121
121
121
121
121
121
121
121
128
128
128
128
128
128
128
128
128
128
128
127
127
127
127
127
127
127
127
127
127
127
130
130
130
130
130
130
130
130
130
130
130
129
129
129
129
129
129
129
129
129
129
129
131
131
131
131
131
131
131
131
131
131
131
132
132
132
132
132
132
132
132
132
132
132
133
133
133
133
133
133
133
133
133
133
133
126
126
126
126
126
126
126
126
126
126
126
137
137
137
137
137
137
137
137
137
137
137
136
136
136
136
136
136
136
136
136
136
136
135
135
135
135
135
135
135
135
135
135
135
139
139
139
139
139
139
139
139
139
139
139
141
141
141
141
141
141
141
141
141
141
141
143
143
143
143
143
143
143
143
143
143
143
140
140
140
140
140
140
140
140
140
140
140
144
144
144
144
144
144
144
144
144
144
144
146
146
146
146
146
146
146
146
146
146
146
148
148
148
148
148
148
148
148
148
148
148
149
149
149
149
149
149
149
149
149
149
149
142
142
142
142
142
142
142
142
142
142
142
134
134
134
134
134
134
134
134
134
134
134
150
150
150
150
150
150
150
150
150
150
150
147
147
147
147
147
147
147
147
147
147
147
151
151
151
151
151
151
151
151
151
151
151
152
152
152
152
152
152
152
152
152
152
152
154
154
154
154
154
154
154
154
154
154
154
155
155
155
155
155
155
155
155
155
155
155
156
156
156
156
156
156
156
156
156
156
156
157
157
157
157
157
157
157
157
157
157
157
138
138
138
138
138
138
138
138
138
138
138
159
159
159
159
159
159
159
159
159
159
159
158
158
158
158
158
158
158
158
158
158
158
160
160
160
160
160
160
160
160
160
160
160
145
145
145
145
145
145
145
145
145
145
145
161
161
161
161
161
161
161
161
161
161
161
163
163
163
163
163
163
163
163
163
163
163
165
165
165
165
165
165
165
165
165
165
165
166
166
166
166
166
166
166
166
166
166
166
164
164
164
164
164
164
164
164
164
164
164
114
114
114
114
114
114
114
114
114
114
114
168
168
168
168
168
168
168
168
168
168
168
162
162
162
162
162
162
162
162
162
162
162
172
172
172
172
172
172
172
172
172
172
172
170
170
170
170
170
170
170
170
170
170
170
167
167
167
167
167
167
167
167
167
167
167
173
173
173
173
173
173
173
173
173
173
173
171
171
171
171
171
171
171
171
171
171
171
175
175
175
175
175
175
175
175
175
175
175
177
177
177
177
177
177
177
177
177
177
177
176
176
176
176
176
176
176
176
176
176
176
178
178
178
178
178
178
178
178
178
178
178
180
180
180
180
180
180
180
180
180
180
180
153
153
153
153
153
153
153
153
153
153
153
181
181
181
181
181
181
181
181
181
181
181
174
174
174
174
174
174
174
174
174
174
174
182
182
182
182
182
182
182
182
182
182
182
183
183
183
183
183
183
183
183
183
183
183
186
186
186
186
186
186
186
186
186
186
186
185
185
185
185
185
185
185
185
185
185
185
184
184
184
184
184
184
184
184
184
184
184
188
188
188
188
188
188
188
188
188
188
188
190
190
190
190
190
190
190
190
190
190
190
192
192
192
192
192
192
192
192
192
192
192
191
191
191
191
191
191
191
191
191
191
191
187
187
187
187
187
187
187
187
187
187
187
189
189
189
189
189
189
189
189
189
189
189
195
195
195
195
195
195
195
195
195
195
195
196
196
196
196
196
196
196
196
196
196
196
197
197
197
197
197
197
197
197
197
197
197
198
198
198
198
198
198
198
198
198
198
198
200
200
200
200
200
200
200
200
200
200
200
194
194
194
194
194
194
194
194
194
194
194
202
202
202
202
202
202
202
202
202
202
202
201
201
201
201
201
201
201
201
201
201
201
199
199
199
199
199
199
199
199
199
199
199
205
205
205
205
205
205
205
205
205
205
205
204
204
204
204
204
204
204
204
204
204
204
203
203
203
203
203
203
203
203
203
203
203
206
206
206
206
206
206
206
206
206
206
206
210
210
210
210
210
210
210
210
210
210
210
209
209
209
209
209
209
209
209
209
209
209
212
212
212
212
212
212
212
212
212
212
212
214
214
214
214
214
214
214
214
214
214
214
213
213
213
213
213
213
213
213
213
213
213
215
215
215
215
215
215
215
215
215
215
215
207
207
207
207
207
207
207
207
207
207
207
216
216
216
216
216
216
216
216
216
216
216
217
217
217
217
217
217
217
217
217
217
217
179
179
179
179
179
179
179
179
179
179
179
211
211
211
211
211
211
211
211
211
211
211
221
221
221
221
221
221
221
221
221
221
221
218
218
218
218
218
218
218
218
218
218
218
220
220
220
220
220
220
220
220
220
220
220
193
193
193
193
193
193
193
193
193
193
193
225
225
225
225
225
225
225
225
225
225
225
224
224
224
224
224
224
224
224
224
224
224
219
219
219
219
219
219
219
219
219
219
219
222
222
222
222
222
222
222
222
222
222
222
208
208
208
208
208
208
208
208
208
208
208
227
227
227
227
227
227
227
227
227
227
227
229
229
229
229
229
229
229
229
229
229
229
228
228
228
228
228
228
228
228
228
228
228
231
231
231
231
231
231
231
231
231
231
231
230
230
230
230
230
230
230
230
230
230
230
233
233
233
233
233
233
233
233
233
233
233
226
226
226
226
226
226
226
226
226
226
226
236
236
236
236
236
236
236
236
236
236
236
235
235
235
235
235
235
235
235
235
235
235
234
234
234
234
234
234
234
234
234
234
234
238
238
238
238
238
238
238
238
238
238
238
239
239
239
239
239
239
239
239
239
239
239
240
240
240
240
240
240
240
240
240
240
240
242
242
242
242
242
242
242
242
242
242
242
243
243
243
243
243
243
243
243
243
243
243
223
223
223
223
223
223
223
223
223
223
223
244
244
244
244
244
244
244
244
244
244
244
245
245
245
245
245
245
245
245
245
245
245
246
246
246
246
246
246
246
246
246
246
246
237
237
237
237
237
237
237
237
237
237
237
248
248
248
248
248
248
248
248
248
248
248
241
241
241
241
241
241
241
241
241
241
241
250
250
250
250
250
250
250
250
250
250
250
249
249
249
249
249
249
249
249
249
249
249
251
251
251
251
251
251
251
251
251
251
251
247
247
247
247
247
247
247
247
247
247
247
253
253
253
253
253
253
253
253
253
253
253
252
252
252
252
252
252
252
252
252
252
252
255
255
255
255
255
255
255
255
255
255
255
254
254
254
254
254
254
254
254
254
254
254
256
256
256
256
256
256
256
256
256
256
256
257
257
257
257
257
257
257
257
257
257
257
258
258
258
258
258
258
258
258
258
258
258
260
260
260
260
260
260
260
260
260
260
260
263
263
263
263
263
263
263
263
263
263
263
262
262
262
262
262
262
262
262
262
262
262
267
267
267
267
267
267
267
267
267
267
267
266
266
266
266
266
266
266
266
266
266
266
261
261
261
261
261
261
261
261
261
261
261
269
269
269
269
269
269
269
269
269
269
269
265
265
265
265
265
265
265
265
265
265
265
272
272
272
272
272
272
272
272
272
272
272
270
270
270
270
270
270
270
270
270
270
270
268
268
268
268
268
268
268
268
268
268
268
271
271
271
271
271
271
271
271
271
271
271
273
273
273
273
273
273
273
273
273
273
273
274
274
274
274
274
274
274
274
274
274
274
275
275
275
275
275
275
275
275
275
275
275
278
278
278
278
278
278
278
278
278
278
278
279
279
279
279
279
279
279
279
279
279
279
280
280
280
280
280
280
280
280
280
280
280
264
264
264
264
264
264
264
264
264
264
264
276
276
276
276
276
276
276
276
276
276
276
277
277
277
277
277
277
277
277
277
277
277
282
282
282
282
282
282
282
282
282
282
282
286
286
286
286
286
286
286
286
286
286
286
283
283
283
283
283
283
283
283
283
283
283
281
281
281
281
281
281
281
281
281
281
281
287
287
287
287
287
287
287
287
287
287
287
285
285
285
285
285
285
285
285
285
285
285
284
284
284
284
284
284
284
284
284
284
284
289
289
289
289
289
289
289
289
289
289
289
288
288
288
288
288
288
288
288
288
288
288
293
293
293
293
293
293
293
293
293
293
293
292
292
292
292
292
292
292
292
292
292
292
294
294
294
294
294
294
294
294
294
294
294
296
296
296
296
296
296
296
296
296
296
296
295
295
295
295
295
295
295
295
295
295
295
297
297
297
297
297
297
297
297
297
297
297
298
298
298
298
298
298
298
298
298
298
298
299
299
299
299
299
299
299
299
299
299
299
300
300
300
300
300
300
300
300
300
300
300
302
302
302
302
302
302
302
302
302
302
302
301
301
301
301
301
301
301
301
301
301
301
291
291
291
291
291
291
291
291
291
291
291
303
303
303
303
303
303
303
303
303
303
303
290
290
290
290
290
290
290
290
290
290
290
304
304
304
304
304
304
304
304
304
304
304
305
305
305
305
305
305
305
305
305
305
305
306
306
306
306
306
306
306
306
306
306
306
309
309
309
309
309
309
309
309
309
309
309
307
307
307
307
307
307
307
307
307
307
307
310
310
310
310
310
310
310
310
310
310
310
308
308
308
308
308
308
308
308
308
308
308
311
311
311
311
311
311
311
311
311
311
311
315
315
315
315
315
315
315
315
315
315
315
317
317
317
317
317
317
317
317
317
317
317
316
316
316
316
316
316
316
316
316
316
316
319
319
319
319
319
319
319
319
319
319
319
312
312
312
312
312
312
312
312
312
312
312
320
320
320
320
320
320
320
320
320
320
320
323
323
323
323
323
323
323
323
323
323
323
322
322
322
322
322
322
322
322
322
322
322
321
321
321
321
321
321
321
321
321
321
321
325
325
325
325
325
325
325
325
325
325
325
314
314
314
314
314
314
314
314
314
314
314
329
329
329
329
329
329
329
329
329
329
329
327
327
327
327
327
327
327
327
327
327
327
318
318
318
318
318
318
318
318
318
318
318
326
326
326
326
326
326
326
326
326
326
326
334
334
334
334
334
334
334
334
334
334
334
333
333
333
333
333
333
333
333
333
333
333
332
332
332
332
332
332
332
332
332
332
332
331
331
331
331
331
331
331
331
331
331
331
335
335
335
335
335
335
335
335
335
335
335
339
339
339
339
339
339
339
339
339
339
339
338
338
338
338
338
338
338
338
338
338
338
337
337
337
337
337
337
337
337
337
337
337
324
324
324
324
324
324
324
324
324
324
324
340
340
340
340
340
340
340
340
340
340
340
330
330
330
330
330
330
330
330
330
330
330
336
336
336
336
336
336
336
336
336
336
336
343
343
343
343
343
343
343
343
343
343
343
342
342
342
342
342
342
342
342
342
342
342
341
341
341
341
341
341
341
341
341
341
341
344
344
344
344
344
344
344
344
344
344
344
328
328
328
328
328
328
328
328
328
328
328
345
345
345
345
345
345
345
345
345
345
345
347
347
347
347
347
347
347
347
347
347
347
346
346
346
346
346
346
346
346
346
346
346
348
348
348
348
348
348
348
348
348
348
348
350
350
350
350
350
350
350
350
350
350
350
351
351
351
351
351
351
351
351
351
351
351
355
355
355
355
355
355
355
355
355
355
355
354
354
354
354
354
354
354
354
354
354
354
356
356
356
356
356
356
356
356
356
356
356
357
357
357
357
357
357
357
357
357
357
357
349
349
349
349
349
349
349
349
349
349
349
360
360
360
360
360
360
360
360
360
360
360
359
359
359
359
359
359
359
359
359
359
359
361
361
361
361
361
361
361
361
361
361
361
362
362
362
362
362
362
362
362
362
362
362
352
352
352
352
352
352
352
352
352
352
352
363
363
363
363
363
363
363
363
363
363
363
364
364
364
364
364
364
364
364
364
364
364
366
366
366
366
366
366
366
366
366
366
366
368
368
368
368
368
368
368
368
368
368
368
367
367
367
367
367
367
367
367
367
367
367
369
369
369
369
369
369
369
369
369
369
369
358
358
358
358
358
358
358
358
358
358
358
370
370
370
370
370
370
370
370
370
370
370
371
371
371
371
371
371
371
371
371
371
371
374
374
374
374
374
374
374
374
374
374
374
372
372
372
372
372
372
372
372
372
372
372
376
376
376
376
376
376
376
376
376
376
376
353
353
353
353
353
353
353
353
353
353
353
377
377
377
377
377
377
377
377
377
377
377
379
379
379
379
379
379
379
379
379
379
379
378
378
378
378
378
378
378
378
378
378
378
375
375
375
375
375
375
375
375
375
375
375
380
380
380
380
380
380
380
380
380
380
380
382
382
382
382
382
382
382
382
382
382
382
381
381
381
381
381
381
381
381
381
381
381
373
373
373
373
373
373
373
373
373
373
373
385
385
385
385
385
385
385
385
385
385
385
384
384
384
384
384
384
384
384
384
384
384
383
383
383
383
383
383
383
383
383
383
383
388
388
388
388
388
388
388
388
388
388
388
386
386
386
386
386
386
386
386
386
386
386
392
392
392
392
392
392
392
392
392
392
392
394
394
394
394
394
394
394
394
394
394
394
393
393
393
393
393
393
393
393
393
393
393
365
365
365
365
365
365
365
365
365
365
365
395
395
395
395
395
395
395
395
395
395
395
391
391
391
391
391
391
391
391
391
391
391
387
387
387
387
387
387
387
387
387
387
387
397
397
397
397
397
397
397
397
397
397
397
399
399
399
399
399
399
399
399
399
399
399
398
398
398
398
398
398
398
398
398
398
398
396
396
396
396
396
396
396
396
396
396
396
400
400
400
400
400
400
400
400
400
400
400
403
403
403
403
403
403
403
403
403
403
403
405
405
405
405
405
405
405
405
405
405
405
402
402
402
402
402
402
402
402
402
402
402
404
404
404
404
404
404
404
404
404
404
404
390
390
390
390
390
390
390
390
390
390
390
410
410
410
410
410
410
410
410
410
410
410
408
408
408
408
408
408
408
408
408
408
408
412
412
412
412
412
412
412
412
412
412
412
411
411
411
411
411
411
411
411
411
411
411
407
407
407
407
407
407
407
407
407
407
407
414
414
414
414
414
414
414
414
414
414
414
406
406
406
406
406
406
406
406
406
406
406
413
413
413
413
413
413
413
413
413
413
413
416
416
416
416
416
416
416
416
416
416
416
417
417
417
417
417
417
417
417
417
417
417
401
401
401
401
401
401
401
401
401
401
401
418
418
418
418
418
418
418
418
418
418
418
420
420
420
420
420
420
420
420
420
420
420
415
415
415
415
415
415
415
415
415
415
415
419
419
419
419
419
419
419
419
419
419
419
424
424
424
424
424
424
424
424
424
424
424
421
421
421
421
421
421
421
421
421
421
421
426
426
426
426
426
426
426
426
426
426
426
425
425
425
425
425
425
425
425
425
425
425
422
422
422
422
422
422
422
422
422
422
422
423
423
423
423
423
423
423
423
423
423
423
427
427
427
427
427
427
427
427
427
427
427
429
429
429
429
429
429
429
429
429
429
429
428
428
428
428
428
428
428
428
428
428
428
431
431
431
431
431
431
431
431
431
431
431
430
430
430
430
430
430
430
430
430
430
430
432
432
432
432
432
432
432
432
432
432
432
435
435
435
435
435
435
435
435
435
435
435
438
438
438
438
438
438
438
438
438
438
438
434
434
434
434
434
434
434
434
434
434
434
389
389
389
389
389
389
389
389
389
389
389
436
436
436
436
436
436
436
436
436
436
436
439
439
439
439
439
439
439
439
439
439
439
440
440
440
440
440
440
440
440
440
440
440
444
444
444
444
444
444
444
444
444
444
444
442
442
442
442
442
442
442
442
442
442
442
441
441
441
441
441
441
441
441
441
441
441
437
437
437
437
437
437
437
437
437
437
437
445
445
445
445
445
445
445
445
445
445
445
443
443
443
443
443
443
443
443
443
443
443
449
449
449
449
449
449
449
449
449
449
449
448
448
448
448
448
448
448
448
448
448
448
447
447
447
447
447
447
447
447
447
447
447
433
433
433
433
433
433
433
433
433
433
433
450
450
450
450
450
450
450
450
450
450
450
451
451
451
451
451
451
451
451
451
451
451
456
456
456
456
456
456
456
456
456
456
456
457
457
457
457
457
457
457
457
457
457
457
454
454
454
454
454
454
454
454
454
454
454
453
453
453
453
453
453
453
453
453
453
453
455
455
455
455
455
455
455
455
455
455
455
446
446
446
446
446
446
446
446
446
446
446
452
452
452
452
452
452
452
452
452
452
452
460
460
460
460
460
460
460
460
460
460
460
463
463
463
463
463
463
463
463
463
463
463
459
459
459
459
459
459
459
459
459
459
459
464
464
464
464
464
464
464
464
464
464
464
466
466
466
466
466
466
466
466
466
466
466
467
467
467
467
467
467
467
467
467
467
467
458
458
458
458
458
458
458
458
458
458
458
465
465
465
465
465
465
465
465
465
465
465
469
469
469
469
469
469
469
469
469
469
469
468
468
468
468
468
468
468
468
468
468
468
470
470
470
470
470
470
470
470
470
470
470
472
472
472
472
472
472
472
472
472
472
472
471
471
471
471
471
471
471
471
471
471
471
461
461
461
461
461
461
461
461
461
461
461
473
473
473
473
473
473
473
473
473
473
473
475
475
475
475
475
475
475
475
475
475
475
476
476
476
476
476
476
476
476
476
476
476
474
474
474
474
474
474
474
474
474
474
474
462
462
462
462
462
462
462
462
462
462
462
479
479
479
479
479
479
479
479
479
479
479
477
477
477
477
477
477
477
477
477
477
477
478
478
478
478
478
478
478
478
478
478
478
481
481
481
481
481
481
481
481
481
481
481
482
482
482
482
482
482
482
482
482
482
482
480
480
480
480
480
480
480
480
480
480
480
485
485
485
485
485
485
485
485
485
485
485
484
484
484
484
484
484
484
484
484
484
484
483
483
483
483
483
483
483
483
483
483
483
486
486
486
486
486
486
486
486
486
486
486
487
487
487
487
487
487
487
487
487
487
487
489
489
489
489
489
489
489
489
489
489
489
492
492
492
492
492
492
492
492
492
492
492
491
491
491
491
491
491
491
491
491
491
491
488
488
488
488
488
488
488
488
488
488
488
494
494
494
494
494
494
494
494
494
494
494
493
493
493
493
493
493
493
493
493
493
493
490
490
490
490
490
490
490
490
490
490
490
496
496
496
496
496
496
496
496
496
496
496
497
497
497
497
497
497
497
497
497
497
497
499
499
499
499
499
499
499
499
499
499
499
502
502
502
502
502
502
502
502
502
502
502
504
504
504
504
504
504
504
504
504
504
504
503
503
503
503
503
503
503
503
503
503
503
505
505
505
505
505
505
505
505
505
505
505
501
501
501
501
501
501
501
501
501
501
501
506
506
506
506
506
506
506
506
506
506
506
495
495
495
495
495
495
495
495
495
495
495
500
500
500
500
500
500
500
500
500
500
500
508
508
508
508
508
508
508
508
508
508
508
507
507
507
507
507
507
507
507
507
507
507
510
510
510
510
510
510
510
510
510
510
510
511
511
511
511
511
511
511
511
511
511
511
513
513
513
513
513
513
513
513
513
513
513
512
512
512
512
512
512
512
512
512
512
512
515
515
515
515
515
515
515
515
515
515
515
514
514
514
514
514
514
514
514
514
514
514
516
516
516
516
516
516
516
516
516
516
516
517
517
517
517
517
517
517
517
517
517
517
519
519
519
519
519
519
519
519
519
519
519
521
521
521
521
521
521
521
521
521
521
521
520
520
520
520
520
520
520
520
520
520
520
522
522
522
522
522
522
522
522
522
522
522
518
518
518
518
518
518
518
518
518
518
518
509
509
509
509
509
509
509
509
509
509
509
526
526
526
526
526
526
526
526
526
526
526
524
524
524
524
524
524
524
524
524
524
524
528
528
528
528
528
528
528
528
528
528
528
527
527
527
527
527
527
527
527
527
527
527
529
529
529
529
529
529
529
529
529
529
529
531
531
531
531
531
531
531
531
531
531
531
533
533
533
533
533
533
533
533
533
533
533
525
525
525
525
525
525
525
525
525
525
525
523
523
523
523
523
523
523
523
523
523
523
535
535
535
535
535
535
535
535
535
535
535
534
534
534
534
534
534
534
534
534
534
534
538
538
538
538
538
538
538
538
538
538
538
537
537
537
537
537
537
537
537
537
537
537
536
536
536
536
536
536
536
536
536
536
536
540
540
540
540
540
540
540
540
540
540
540
541
541
541
541
541
541
541
541
541
541
541
539
539
539
539
539
539
539
539
539
539
539
544
544
544
544
544
544
544
544
544
544
544
543
543
543
543
543
543
543
543
543
543
543
542
542
542
542
542
542
542
542
542
542
542
545
545
545
545
545
545
545
545
545
545
545
547
547
547
547
547
547
547
547
547
547
547
546
546
546
546
546
546
546
546
546
546
546
532
532
532
532
532
532
532
532
532
532
532
548
548
548
548
548
548
548
548
548
548
548
550
550
550
550
550
550
550
550
550
550
550
551
551
551
551
551
551
551
551
551
551
551
555
555
555
555
555
555
555
555
555
555
555
556
556
556
556
556
556
556
556
556
556
556
554
554
554
554
554
554
554
554
554
554
554
557
557
557
557
557
557
557
557
557
557
557
549
549
549
549
549
549
549
549
549
549
549
498
498
560
560
560
560
560
560
560
560
560
560
560
561
561
561
561
561
561
561
561
561
561
561
558
558
558
558
558
558
558
558
558
558
558
563
563
563
563
563
563
563
563
563
563
563
562
562
562
562
562
562
562
562
562
562
562
564
564
564
564
564
564
564
564
564
564
564
559
559
559
559
559
559
559
559
559
559
559
552
552
552
552
552
552
552
552
552
552
552
568
568
568
568
568
568
568
568
568
568
568
567
567
567
567
567
567
567
567
567
567
567
570
570
570
570
570
570
570
570
570
570
570
565
565
565
565
565
565
565
565
565
565
565
569
569
569
569
569
569
569
569
569
569
569
571
571
571
571
571
571
571
571
571
571
571
573
573
573
573
573
573
573
573
573
573
573
572
572
572
572
572
572
572
572
572
572
572
575
575
575
575
575
575
575
575
575
575
575
576
576
576
576
576
576
576
576
576
576
576
566
566
566
566
566
566
566
566
566
566
566
577
577
577
577
577
577
577
577
577
577
577
578
578
578
578
578
578
578
578
578
578
578
574
574
574
574
574
574
574
574
574
574
574
579
579
579
579
579
579
579
579
579
579
579
582
582
582
582
582
582
582
582
582
582
582
581
581
581
581
581
581
581
581
581
581
581
585
585
585
585
585
585
585
585
585
585
585
584
584
584
584
584
584
584
584
584
584
584
587
587
587
587
587
587
587
587
587
587
587
588
588
588
588
588
588
588
588
588
588
588
589
589
589
589
589
589
589
589
589
589
589
583
583
583
583
583
583
583
583
583
583
583
591
591
591
591
591
591
591
591
591
591
591
586
586
586
586
586
586
586
586
586
586
586
592
592
592
592
592
592
592
592
592
592
592
593
593
593
593
593
593
593
593
593
593
593
580
580
580
580
580
580
580
580
580
580
580
595
595
595
595
595
595
595
595
595
595
595
590
590
590
590
590
590
590
590
590
590
590
594
594
594
594
594
594
594
594
594
594
594
598
598
598
598
598
598
598
598
598
598
598
596
596
596
596
596
596
596
596
596
596
596
599
599
599
599
599
599
599
599
599
599
599
600
600
600
600
600
600
600
600
600
600
600
601
601
601
601
601
601
601
601
601
601
601
602
602
602
602
602
602
602
602
602
602
602
604
604
604
604
604
604
604
604
604
604
604
597
597
597
597
597
597
597
597
597
597
597
605
605
605
605
605
605
605
605
605
605
605
607
607
607
607
607
607
607
607
607
607
607
606
606
606
606
606
606
606
606
606
606
606
610
610
610
610
610
610
610
610
610
610
610
611
611
611
611
611
611
611
611
611
611
611
608
608
608
608
608
608
608
608
608
608
608
603
603
603
603
603
603
603
603
603
603
603
613
613
613
613
613
613
613
613
613
613
613
614
614
614
614
614
614
614
614
614
614
614
553
553
553
553
553
553
553
553
553
553
553
612
612
612
612
612
612
612
612
612
612
612
609
609
609
609
609
609
609
609
609
609
609
616
616
616
616
616
616
616
616
616
616
616
615
615
615
615
615
615
615
615
615
615
615
617
617
617
617
617
617
617
617
617
617
617
618
618
618
618
618
618
618
618
618
618
618
620
620
620
620
620
620
620
620
620
620
620
622
622
622
622
622
622
622
622
622
622
622
623
623
623
623
623
623
623
623
623
623
623
619
619
619
619
619
619
619
619
619
619
619
624
624
624
624
624
624
624
624
624
624
624
626
626
626
626
626
626
626
626
626
626
626
625
625
625
625
625
625
625
625
625
625
625
621
621
621
621
621
621
621
621
621
621
621
627
627
627
627
627
627
627
627
627
627
627
629
629
629
629
629
629
629
629
629
629
629
633
633
633
633
633
633
633
633
633
633
633
632
632
632
632
632
632
632
632
632
632
632
631
631
631
631
631
631
631
631
631
631
631
628
628
628
628
628
628
628
628
628
628
628
635
635
635
635
635
635
635
635
635
635
635
630
630
630
630
630
630
630
630
630
630
630
639
639
639
639
639
639
639
639
639
639
639
637
637
637
637
637
637
637
637
637
637
637
641
641
641
641
641
641
641
641
641
641
641
644
644
644
644
644
644
644
644
644
644
644
642
642
642
642
642
642
642
642
642
642
642
636
636
636
636
636
636
636
636
636
636
636
643
643
643
643
643
643
643
643
643
643
643
634
634
634
634
634
634
634
634
634
634
634
638
638
638
638
638
638
638
638
638
638
638
646
646
646
646
646
646
646
646
646
646
646
648
648
648
648
648
648
648
648
648
648
648
650
650
650
650
650
650
650
650
650
650
650
649
649
649
649
649
649
649
649
649
649
649
645
645
645
645
645
645
645
645
645
645
645
652
652
652
652
652
652
652
652
652
652
652
653
653
653
653
653
653
653
653
653
653
653
640
640
640
640
640
640
640
640
640
640
640
654
654
654
654
654
654
654
654
654
654
654
656
656
656
656
656
656
656
656
656
656
656
655
655
655
655
655
655
655
655
655
655
655
659
659
659
659
659
659
659
659
659
659
659
658
658
658
658
658
658
658
658
658
658
658
657
657
657
657
657
657
657
657
657
657
657
660
660
660
660
660
660
660
660
660
660
660
662
662
662
662
662
662
662
662
662
662
662
651
651
651
651
651
651
651
651
651
651
651
663
663
663
663
663
663
663
663
663
663
663
647
647
647
647
647
647
647
647
647
647
647
665
665
665
665
665
665
665
665
665
665
665
664
664
664
664
664
664
664
664
664
664
664
668
668
668
668
668
668
668
668
668
668
668
666
666
666
666
666
666
666
666
666
666
666
669
669
669
669
669
669
669
669
669
669
669
661
661
661
661
661
661
661
661
661
661
661
670
670
670
670
670
670
670
670
670
670
670
672
672
672
672
672
672
672
672
672
672
672
673
673
673
673
673
673
673
673
673
673
673
674
674
674
674
674
674
674
674
674
674
674
667
667
667
667
667
667
667
667
667
667
667
671
671
671
671
671
671
671
671
671
671
671
675
675
675
675
675
675
675
675
675
675
675
677
677
677
677
677
677
677
677
677
677
677
676
676
676
676
676
676
676
676
676
676
676
678
678
678
678
678
678
678
678
678
678
678
681
681
681
681
681
681
681
681
681
681
681
680
680
680
680
680
680
680
680
680
680
680
682
682
682
682
682
682
682
682
682
682
682
683
683
683
683
683
683
683
683
683
683
683
685
685
685
685
685
685
685
685
685
685
685
679
679
679
679
679
679
679
679
679
679
679
684
684
684
684
684
684
684
684
684
684
684
686
686
686
686
686
686
686
686
686
686
686
687
687
687
687
687
687
687
687
687
687
687
688
688
688
688
688
688
688
688
688
688
688
690
690
690
690
690
690
690
690
690
690
690
693
693
693
693
693
693
693
693
693
693
693
694
694
694
694
694
694
694
694
694
694
694
689
689
689
689
689
689
689
689
689
689
689
695
695
695
695
695
695
695
695
695
695
695
696
696
696
696
696
696
696
696
696
696
696
697
697
697
697
697
697
697
697
697
697
697
700
700
700
700
700
700
700
700
700
700
700
699
699
699
699
699
699
699
699
699
699
699
701
701
701
701
701
701
701
701
701
701
701
703
703
703
703
703
703
703
703
703
703
703
702
702
702
702
702
702
702
702
702
702
702
698
698
698
698
698
698
698
698
698
698
698
704
704
704
704
704
704
704
704
704
704
704
706
706
706
706
706
706
706
706
706
706
706
705
705
705
705
705
705
705
705
705
705
705
707
707
707
707
707
707
707
707
707
707
707
708
708
708
708
708
708
708
708
708
708
708
709
709
709
709
709
709
709
709
709
709
709
710
710
710
710
710
710
710
710
710
710
710
713
713
713
713
713
713
713
713
713
713
713
712
712
712
712
712
712
712
712
712
712
712
715
715
715
715
715
715
715
715
715
715
715
714
714
714
714
714
714
714
714
714
714
714
711
711
711
711
711
711
711
711
711
711
711
718
718
718
718
718
718
718
718
718
718
718
692
692
692
692
692
692
692
692
692
692
692
720
720
720
720
720
720
720
720
720
720
720
719
719
719
719
719
719
719
719
719
719
719
717
717
717
717
717
717
717
717
717
717
717
716
716
716
716
716
716
716
716
716
716
716
691
691
691
691
691
691
691
691
691
691
691
723
723
723
723
723
723
723
723
723
723
723
721
721
721
721
721
721
721
721
721
721
721
725
725
725
725
725
725
725
725
725
725
725
727
727
727
727
727
727
727
727
727
727
727
730
730
730
730
730
730
730
730
730
730
730
729
729
729
729
729
729
729
729
729
729
729
731
731
731
731
731
731
731
731
731
731
731
728
728
728
728
728
728
728
728
728
728
728
724
724
724
724
724
724
724
724
724
724
724
733
733
733
733
733
733
733
733
733
733
733
734
734
734
734
734
734
734
734
734
734
734
735
735
735
735
735
735
735
735
735
735
735
737
737
737
737
737
737
737
737
737
737
737
726
726
726
726
726
726
726
726
726
726
726
736
736
736
736
736
736
736
736
736
736
736
732
732
732
732
732
732
732
732
732
732
732
739
739
739
739
739
739
739
739
739
739
739
738
738
738
738
738
738
738
738
738
738
738
742
742
742
742
742
742
742
742
742
742
742
741
741
741
741
741
741
741
741
741
741
741
744
744
744
744
744
744
744
744
744
744
744
740
740
740
740
740
740
740
740
740
740
740
743
743
743
743
743
743
743
743
743
743
743
747
747
747
747
747
747
747
747
747
747
747
750
750
750
750
750
750
750
750
750
750
750
745
745
745
745
745
745
745
745
745
745
745
748
748
748
748
748
748
748
748
748
748
748
746
746
746
746
746
746
746
746
746
746
746
722
722
722
722
722
722
722
722
722
722
722
752
752
752
752
752
752
752
752
752
752
752
749
749
749
749
749
749
749
749
749
749
749
755
755
755
755
755
755
755
755
755
755
755
754
754
754
754
754
754
754
754
754
754
754
753
753
753
753
753
753
753
753
753
753
753
759
759
759
759
759
759
759
759
759
759
759
758
758
758
758
758
758
758
758
758
758
758
761
761
761
761
761
761
761
761
761
761
761
760
760
760
760
760
760
760
760
760
760
760
762
762
762
762
762
762
762
762
762
762
762
756
756
756
756
756
756
756
756
756
756
756
757
757
757
757
757
757
757
757
757
757
757
763
763
763
763
763
763
763
763
763
763
763
766
766
766
766
766
766
766
766
766
766
766
764
764
764
764
764
764
764
764
764
764
764
751
751
751
751
751
751
751
751
751
751
751
765
765
765
765
765
765
765
765
765
765
765
768
768
768
768
768
768
768
768
768
768
768
771
771
771
771
771
771
771
771
771
771
771
767
767
767
767
767
767
767
767
767
767
767
774
774
774
774
774
774
774
774
774
774
774
775
775
775
775
775
775
775
775
775
775
775
777
777
777
777
777
777
777
777
777
777
777
778
778
778
778
778
778
778
778
778
778
778
770
770
770
770
770
770
770
770
770
770
770
773
773
773
773
773
773
773
773
773
773
773
772
772
772
772
772
772
772
772
772
772
772
776
776
776
776
776
776
776
776
776
776
776
769
769
769
769
769
769
769
769
769
769
769
780
780
780
780
780
780
780
780
780
780
780
779
779
779
779
779
779
779
779
779
779
779
783
783
783
783
783
783
783
783
783
783
783
782
782
782
782
782
782
782
782
782
782
782
784
784
784
784
784
784
784
784
784
784
784
781
781
781
781
781
781
781
781
781
781
781
787
787
787
787
787
787
787
787
787
787
787
785
785
785
785
785
785
785
785
785
785
785
790
790
790
790
790
790
790
790
790
790
790
792
792
792
792
792
792
792
792
792
792
792
791
791
791
791
791
791
791
791
791
791
791
788
788
788
788
788
788
788
788
788
788
788
794
794
794
794
794
794
794
794
794
794
794
793
793
793
793
793
793
793
793
793
793
793
786
786
786
786
786
786
786
786
786
786
786
798
798
798
798
798
798
798
798
798
798
798
796
796
796
796
796
796
796
796
796
796
796
797
797
797
797
797
797
797
797
797
797
797
795
795
795
795
795
795
795
795
795
795
795
800
800
800
800
800
800
800
800
800
800
800
799
799
799
799
799
799
799
799
799
799
799
801
801
801
801
801
801
801
801
801
801
801
803
803
803
803
803
803
803
803
803
803
803
802
802
802
802
802
802
802
802
802
802
802
789
789
789
789
789
789
789
789
789
789
789
804
804
804
804
804
804
804
804
804
804
804
805
805
805
805
805
805
805
805
805
805
805
807
807
807
807
807
807
807
807
807
807
807
806
806
806
806
806
806
806
806
806
806
806
809
809
809
809
809
809
809
809
809
809
809
811
811
811
811
811
811
811
811
811
811
811
812
812
812
812
812
812
812
812
812
812
812
813
813
813
813
813
813
813
813
813
813
813
808
808
808
808
808
808
808
808
808
808
808
810
810
810
810
810
810
810
810
810
810
810
815
815
815
815
815
815
815
815
815
815
815
816
816
816
816
816
816
816
816
816
816
816
817
817
817
817
817
817
817
817
817
817
817
814
814
814
814
814
814
814
814
814
814
814
818
818
818
818
818
818
818
818
818
818
818
820
820
820
820
820
820
820
820
820
820
820
822
822
822
822
822
822
822
822
822
822
822
821
821
821
821
821
821
821
821
821
821
821
826
826
826
826
826
826
826
826
826
826
826
825
825
825
825
825
825
825
825
825
825
825
827
827
827
827
827
827
827
827
827
827
827
829
829
829
829
829
829
829
829
829
829
829
823
823
823
823
823
823
823
823
823
823
823
828
828
828
828
828
828
828
828
828
828
828
831
831
831
831
831
831
831
831
831
831
831
832
832
832
832
832
832
832
832
832
832
832
833
833
833
833
833
833
833
833
833
833
833
835
835
835
835
835
835
835
835
835
835
835
834
834
834
834
834
834
834
834
834
834
834
836
836
836
836
836
836
836
836
836
836
836
837
837
837
837
837
837
837
837
837
837
837
838
838
838
838
838
838
838
838
838
838
838
830
830
830
830
830
830
830
830
830
830
830
824
824
824
824
824
824
824
824
824
824
824
840
840
840
840
840
840
840
840
840
840
840
844
844
844
844
844
844
844
844
844
844
844
841
841
841
841
841
841
841
841
841
841
841
842
842
842
842
842
842
842
842
842
842
842
846
846
846
846
846
846
846
846
846
846
846
839
839
839
839
839
839
839
839
839
839
839
845
845
845
845
845
845
845
845
845
845
845
843
843
843
843
843
843
843
843
843
843
843
849
849
849
849
849
849
849
849
849
849
849
847
847
847
847
847
847
847
847
847
847
847
851
851
851
851
851
851
851
851
851
851
851
852
852
852
852
852
852
852
852
852
852
852
850
850
850
850
850
850
850
850
850
850
850
854
854
854
854
854
854
854
854
854
854
854
856
856
856
856
856
856
856
856
856
856
856
855
855
855
855
855
855
855
855
855
855
855
853
853
853
853
853
853
853
853
853
853
853
857
857
857
857
857
857
857
857
857
857
857
860
860
860
860
860
860
860
860
860
860
860
859
859
859
859
859
859
859
859
859
859
859
861
861
861
861
861
861
861
861
861
861
861
862
862
862
862
862
862
862
862
862
862
862
865
865
865
865
865
865
865
865
865
865
865
863
863
863
863
863
863
863
863
863
863
863
866
866
866
866
866
866
866
866
866
866
866
867
867
867
867
867
867
867
867
867
867
867
864
864
864
864
864
864
864
864
864
864
864
868
868
868
868
868
868
868
868
868
868
868
871
871
871
871
871
871
871
871
871
871
871
870
870
870
870
870
870
870
870
870
870
870
869
869
869
869
869
869
869
869
869
869
869
874
874
874
874
874
874
874
874
874
874
874
872
872
872
872
872
872
872
872
872
872
872
848
848
848
848
848
848
848
848
848
848
848
875
875
875
875
875
875
875
875
875
875
875
873
873
873
873
873
873
873
873
873
873
873
876
876
876
876
876
876
876
876
876
876
876
880
880
880
880
880
880
880
880
880
880
880
878
878
878
878
878
878
878
878
878
878
878
882
882
882
882
882
882
882
882
882
882
882
883
883
883
883
883
883
883
883
883
883
883
885
885
885
885
885
885
885
885
885
885
885
886
886
886
886
886
886
886
886
886
886
886
888
888
888
888
888
888
888
888
888
888
888
887
887
887
887
887
887
887
887
887
887
887
881
881
881
881
881
881
881
881
881
881
881
877
877
877
877
877
877
877
877
877
877
877
889
889
889
889
889
889
889
889
889
889
889
890
890
890
890
890
890
890
890
890
890
890
884
884
884
884
884
884
884
884
884
884
884
891
891
891
891
891
891
891
891
891
891
891
892
892
892
892
892
892
892
892
892
892
892
893
893
893
893
893
893
893
893
893
893
893
896
896
896
896
896
896
896
896
896
896
896
894
894
894
894
894
894
894
894
894
894
894
898
898
898
898
898
898
898
898
898
898
898
897
897
897
897
897
897
897
897
897
897
897
895
895
895
895
895
895
895
895
895
895
895
903
903
903
903
903
903
903
903
903
903
903
900
900
900
900
900
900
900
900
900
900
900
902
902
902
902
902
902
902
902
902
902
902
901
901
901
901
901
901
901
901
901
901
901
905
905
905
905
905
905
905
905
905
905
905
899
899
899
899
899
899
899
899
899
899
899
906
906
906
906
906
906
906
906
906
906
906
908
908
908
908
908
908
908
908
908
908
908
910
910
910
910
910
910
910
910
910
910
910
911
911
911
911
911
911
911
911
911
911
911
913
913
913
913
913
913
913
913
913
913
913
914
914
914
914
914
914
914
914
914
914
914
912
912
912
912
912
912
912
912
912
912
912
915
915
915
915
915
915
915
915
915
915
915
916
916
916
916
916
916
916
916
916
916
916
909
909
909
909
909
909
909
909
909
909
909
917
917
917
917
917
917
917
917
917
917
917
918
918
918
918
918
918
918
918
918
918
918
907
907
907
907
907
907
907
907
907
907
907
919
919
919
919
919
919
919
919
919
919
919
924
924
924
924
924
924
924
924
924
924
924
922
922
922
922
922
922
922
922
922
922
922
925
925
925
925
925
925
925
925
925
925
925
927
927
927
927
927
927
927
927
927
927
927
929
929
929
929
929
929
929
929
929
929
929
930
930
930
930
930
930
930
930
930
930
930
904
904
904
904
904
904
904
904
904
904
904
931
931
931
931
931
931
931
931
931
931
931
932
932
932
932
932
932
932
932
932
932
932
933
933
933
933
933
933
933
933
933
933
933
936
936
936
936
936
936
936
936
936
936
936
937
937
937
937
937
937
937
937
937
937
937
926
926
926
926
926
926
926
926
926
926
926
934
934
934
934
934
934
934
934
934
934
934
928
928
928
928
928
928
928
928
928
928
928
938
938
938
938
938
938
938
938
938
938
938
939
939
939
939
939
939
939
939
939
939
939
941
941
941
941
941
941
941
941
941
941
941
940
940
940
940
940
940
940
940
940
940
940
943
943
943
943
943
943
943
943
943
943
943
945
945
945
945
945
945
945
945
945
945
945
935
935
935
935
935
935
935
935
935
935
935
946
946
946
946
946
946
946
946
946
946
946
948
948
948
948
948
948
948
948
948
948
948
949
949
949
949
949
949
949
949
949
949
949
947
947
947
947
947
947
947
947
947
947
947
951
951
951
951
951
951
951
951
951
951
951
952
952
952
952
952
952
952
952
952
952
952
944
944
944
944
944
944
944
944
944
944
944
953
953
953
953
953
953
953
953
953
953
953
950
950
950
950
950
950
950
950
950
950
950
954
954
954
954
954
954
954
954
954
954
954
957
957
957
957
957
957
957
957
957
957
957
955
955
955
955
955
955
955
955
955
955
955
942
942
942
942
942
942
942
942
942
942
942
956
956
956
956
956
956
956
956
956
956
956
961
961
961
961
961
961
961
961
961
961
961
963
963
963
963
963
963
963
963
963
963
963
962
962
962
962
962
962
962
962
962
962
962
960
960
960
960
960
960
960
960
960
960
960
959
959
959
959
959
959
959
959
959
959
959
964
964
964
964
964
964
964
964
964
964
964
965
965
965
965
965
965
965
965
965
965
965
967
967
967
967
967
967
967
967
967
967
967
966
966
966
966
966
966
966
966
966
966
966
969
969
969
969
969
969
969
969
969
969
969
971
971
971
971
971
971
971
971
971
971
971
972
972
972
972
972
972
972
972
972
972
972
973
973
973
973
973
973
973
973
973
973
973
968
968
968
968
968
968
968
968
968
968
968
958
958
958
958
958
958
958
958
958
958
958
974
974
974
974
974
974
974
974
974
974
974
975
975
975
975
975
975
975
975
975
975
975
976
976
976
976
976
976
976
976
976
976
976
978
978
978
978
978
978
978
978
978
978
978
979
979
979
979
979
979
979
979
979
979
979
980
980
980
980
980
980
980
980
980
980
980
981
981
981
981
981
981
981
981
981
981
981
982
982
982
982
982
982
982
982
982
982
982
985
985
985
985
985
985
985
985
985
985
985
987
987
987
987
987
987
987
987
987
987
987
986
986
986
986
986
986
986
986
986
986
986
984
984
984
984
984
984
984
984
984
984
984
989
989
989
989
989
989
989
989
989
989
989
983
983
983
983
983
983
983
983
983
983
983
970
970
970
970
970
970
970
970
970
970
970
992
992
992
992
992
992
992
992
992
992
992
994
994
994
994
994
994
994
994
994
994
994
988
988
988
988
988
988
988
988
988
988
988
921
921
921
921
921
921
921
921
921
921
921
996
996
996
996
996
996
996
996
996
996
996
993
993
993
993
993
993
993
993
993
993
993
999
999
999
999
999
999
999
999
999
999
999
1000
1000
1000
1000
1000
1000
1000
1000
1000
1000
1000
991
991
991
991
991
991
991
991
991
991
991
990
990
990
990
990
990
990
990
990
990
990
997
997
997
997
997
997
997
997
997
997
997
1004
1004
1004
1004
1004
1004
1004
1004
1004
1004
1004
1002
1002
1002
1002
1002
1002
1002
1002
1002
1002
1002
1001
1001
1001
1001
1001
1001
1001
1001
1001
1001
1001
1006
1006
1006
1006
1006
1006
1006
1006
1006
1006
1006
1005
1005
1005
1005
1005
1005
1005
1005
1005
1005
1005
995
995
995
995
995
995
995
995
995
995
995
1008
1008
1008
1008
1008
1008
1008
1008
1008
1008
1008
1010
1010
1010
1010
1010
1010
1010
1010
1010
1010
1010
1009
1009
1009
1009
1009
1009
1009
1009
1009
1009
1009
1012
1012
1012
1012
1012
1012
1012
1012
1012
1012
1012
1011
1011
1011
1011
1011
1011
1011
1011
1011
1011
1011
1003
1003
1003
1003
1003
1003
1003
1003
1003
1003
1003
1013
1013
1013
1013
1013
1013
1013
1013
1013
1013
1013
1015
1015
1015
1015
1015
1015
1015
1015
1015
1015
1015
1017
1017
1017
1017
1017
1017
1017
1017
1017
1017
1017
1020
1020
1020
1020
1020
1020
1020
1020
1020
1020
1020
1018
1018
1018
1018
1018
1018
1018
1018
1018
1018
1018
1007
1007
1007
1007
1007
1007
1007
1007
1007
1007
1007
1021
1021
1021
1021
1021
1021
1021
1021
1021
1021
1021
1016
1016
1016
1016
1016
1016
1016
1016
1016
1016
1016
1019
1019
1019
1019
1019
1019
1019
1019
1019
1019
1019
1014
1014
1014
1014
1014
1014
1014
1014
1014
1014
1014
1023
1023
1023
1023
1023
1023
1023
1023
1023
1023
1023
1027
1027
1027
1027
1027
1027
1027
1027
1027
1027
1027
1028
1028
1028
1028
1028
1028
1028
1028
1028
1028
1028
1030
1030
1030
1030
1030
1030
1030
1030
1030
1030
1030
1025
1025
1025
1025
1025
1025
1025
1025
1025
1025
1025
1022
1022
1022
1022
1022
1022
1022
1022
1022
1022
1022
1031
1031
1031
1031
1031
1031
1031
1031
1031
1031
1031
1032
1032
1032
1032
1032
1032
1032
1032
1032
1032
1032
1029
1029
1029
1029
1029
1029
1029
1029
1029
1029
1029
1026
1026
1026
1026
1026
1026
1026
1026
1026
1026
1026
1034
1034
1034
1034
1034
1034
1034
1034
1034
1034
1034
1035
1035
1035
1035
1035
1035
1035
1035
1035
1035
1035
1036
1036
1036
1036
1036
1036
1036
1036
1036
1036
1036
1024
1024
1024
1024
1024
1024
1024
1024
1024
1024
1024
1038
1038
1038
1038
1038
1038
1038
1038
1038
1038
1038
1037
1037
1037
1037
1037
1037
1037
1037
1037
1037
1037
1039
1039
1039
1039
1039
1039
1039
1039
1039
1039
1039
1040
1040
1040
1040
1040
1040
1040
1040
1040
1040
1040
1043
1043
1043
1043
1043
1043
1043
1043
1043
1043
1043
1042
1042
1042
1042
1042
1042
1042
1042
1042
1042
1042
1045
1045
1045
1045
1045
1045
1045
1045
1045
1045
1045
1041
1041
1041
1041
1041
1041
1041
1041
1041
1041
1041
1048
1048
1048
1048
1048
1048
1048
1048
1048
1048
1048
1050
1050
1050
1050
1050
1050
1050
1050
1050
1050
1050
1049
1049
1049
1049
1049
1049
1049
1049
1049
1049
1049
1044
1044
1044
1044
1044
1044
1044
1044
1044
1044
1044
1052
1052
1052
1052
1052
1052
1052
1052
1052
1052
1052
1051
1051
1051
1051
1051
1051
1051
1051
1051
1051
1051
1054
1054
1054
1054
1054
1054
1054
1054
1054
1054
1054
1053
1053
1053
1053
1053
1053
1053
1053
1053
1053
1053
1057
1057
1057
1057
1057
1057
1057
1057
1057
1057
1057
1047
1047
1047
1047
1047
1047
1047
1047
1047
1047
1047
1060
1060
1060
1060
1060
1060
1060
1060
1060
1060
1060
1061
1061
1061
1061
1061
1061
1061
1061
1061
1061
1061
1055
1055
1055
1055
1055
1055
1055
1055
1055
1055
1055
1062
1062
1062
1062
1062
1062
1062
1062
1062
1062
1062
1033
1033
1033
1033
1033
1033
1033
1033
1033
1033
1033
1063
1063
1063
1063
1063
1063
1063
1063
1063
1063
1063
1065
1065
1065
1065
1065
1065
1065
1065
1065
1065
1065
1064
1064
1064
1064
1064
1064
1064
1064
1064
1064
1064
1056
1056
1056
1056
1056
1056
1056
1056
1056
1056
1056
1059
1059
1059
1059
1059
1059
1059
1059
1059
1059
1059
1058
1058
1058
1058
1058
1058
1058
1058
1058
1058
1058
1067
1067
1067
1067
1067
1067
1067
1067
1067
1067
1067
1069
1069
1069
1069
1069
1069
1069
1069
1069
1069
1069
1066
1066
1066
1066
1066
1066
1066
1066
1066
1066
1066
1072
1072
1072
1072
1072
1072
1072
1072
1072
1072
1072
1074
1074
1074
1074
1074
1074
1074
1074
1074
1074
1074
1073
1073
1073
1073
1073
1073
1073
1073
1073
1073
1073
1071
1071
1071
1071
1071
1071
1071
1071
1071
1071
1071
1075
1075
1075
1075
1075
1075
1075
1075
1075
1075
1075
1076
1076
1076
1076
1076
1076
1076
1076
1076
1076
1076
1077
1077
1077
1077
1077
1077
1077
1077
1077
1077
1077
1079
1079
1079
1079
1079
1079
1079
1079
1079
1079
1079
1080
1080
1080
1080
1080
1080
1080
1080
1080
1080
1080
1081
1081
1081
1081
1081
1081
1081
1081
1081
1081
1081
1068
1068
1068
1068
1068
1068
1068
1068
1068
1068
1068
1082
1082
1082
1082
1082
1082
1082
1082
1082
1082
1082
1083
1083
1083
1083
1083
1083
1083
1083
1083
1083
1083
1084
1084
1084
1084
1084
1084
1084
1084
1084
1084
1084
1070
1070
1070
1070
1070
1070
1070
1070
1070
1070
1070
1085
1085
1085
1085
1085
1085
1085
1085
1085
1085
1085
1086
1086
1086
1086
1086
1086
1086
1086
1086
1086
1086
1087
1087
1087
1087
1087
1087
1087
1087
1087
1087
1087
1078
1078
1078
1078
1078
1078
1078
1078
1078
1078
1078
1089
1089
1089
1089
1089
1089
1089
1089
1089
1089
1089
1088
1088
1088
1088
1088
1088
1088
1088
1088
1088
1088
1092
1092
1092
1092
1092
1092
1092
1092
1092
1092
1092
1091
1091
1091
1091
1091
1091
1091
1091
1091
1091
1091
1094
1094
1094
1094
1094
1094
1094
1094
1094
1094
1094
1095
1095
1095
1095
1095
1095
1095
1095
1095
1095
1095
1090
1090
1090
1090
1090
1090
1090
1090
1090
1090
1090
1096
1096
1096
1096
1096
1096
1096
1096
1096
1096
1096
1097
1097
1097
1097
1097
1097
1097
1097
1097
1097
1097
1099
1099
1099
1099
1099
1099
1099
1099
1099
1099
1099
1098
1098
1098
1098
1098
1098
1098
1098
1098
1098
1098
1093
1093
1093
1093
1093
1093
1093
1093
1093
1093
1093
1100
1100
1100
1100
1100
1100
1100
1100
1100
1100
1100
1101
1101
1101
1101
1101
1101
1101
1101
1101
1101
1101
1103
1103
1103
1103
1103
1103
1103
1103
1103
1103
1103
1107
1107
1107
1107
1107
1107
1107
1107
1107
1107
1107
1105
1105
1105
1105
1105
1105
1105
1105
1105
1105
1105
1104
1104
1104
1104
1104
1104
1104
1104
1104
1104
1104
1106
1106
1106
1106
1106
1106
1106
1106
1106
1106
1106
1108
1108
1108
1108
1108
1108
1108
1108
1108
1108
1108
1109
1109
1109
1109
1109
1109
1109
1109
1109
1109
1109
1110
1110
1110
1110
1110
1110
1110
1110
1110
1110
1110
1113
1113
1113
1113
1113
1113
1113
1113
1113
1113
1113
1111
1111
1111
1111
1111
1111
1111
1111
1111
1111
1111
1102
1102
1102
1102
1102
1102
1102
1102
1102
1102
1102
1114
1114
1114
1114
1114
1114
1114
1114
1114
1114
1114
1112
1112
1112
1112
1112
1112
1112
1112
1112
1112
1112
1115
1115
1115
1115
1115
1115
1115
1115
1115
1115
1115
1117
1117
1117
1117
1117
1117
1117
1117
1117
1117
1117
1116
1116
1116
1116
1116
1116
1116
1116
1116
1116
1116
1118
1118
1118
1118
1118
1118
1118
1118
1118
1118
1118
1120
1120
1120
1120
1120
1120
1120
1120
1120
1120
1120
1123
1123
1123
1123
1123
1123
1123
1123
1123
1123
1123
1125
1125
1125
1125
1125
1125
1125
1125
1125
1125
1125
1122
1122
1122
1122
1122
1122
1122
1122
1122
1122
1122
1119
1119
1119
1119
1119
1119
1119
1119
1119
1119
1119
1126
1126
1126
1126
1126
1126
1126
1126
1126
1126
1126
1124
1124
1124
1124
1124
1124
1124
1124
1124
1124
1124
1127
1127
1127
1127
1127
1127
1127
1127
1127
1127
1127
1128
1128
1128
1128
1128
1128
1128
1128
1128
1128
1128
1121
1121
1121
1121
1121
1121
1121
1121
1121
1121
1121
1130
1130
1130
1130
1130
1130
1130
1130
1130
1130
1130
1129
1129
1129
1129
1129
1129
1129
1129
1129
1129
1129
1132
1132
1132
1132
1132
1132
1132
1132
1132
1132
1132
1134
1134
1134
1134
1134
1134
1134
1134
1134
1134
1134
1136
1136
1136
1136
1136
1136
1136
1136
1136
1136
1136
1133
1133
1133
1133
1133
1133
1133
1133
1133
1133
1133
1135
1135
1135
1135
1135
1135
1135
1135
1135
1135
1135
1131
1131
1131
1131
1131
1131
1131
1131
1131
1131
1131
1139
1139
1139
1139
1139
1139
1139
1139
1139
1139
1139
1138
1138
1138
1138
1138
1138
1138
1138
1138
1138
1138
1142
1142
1142
1142
1142
1142
1142
1142
1142
1142
1142
1143
1143
1143
1143
1143
1143
1143
1143
1143
1143
1143
1137
1137
1137
1137
1137
1137
1137
1137
1137
1137
1137
1144
1144
1144
1144
1144
1144
1144
1144
1144
1144
1144
1141
1141
1141
1141
1141
1141
1141
1141
1141
1141
1141
1145
1145
1145
1145
1145
1145
1145
1145
1145
1145
1145
1146
1146
1146
1146
1146
1146
1146
1146
1146
1146
1146
1147
1147
1147
1147
1147
1147
1147
1147
1147
1147
1147
1149
1149
1149
1149
1149
1149
1149
1149
1149
1149
1149
1148
1148
1148
1148
1148
1148
1148
1148
1148
1148
1148
1151
1151
1151
1151
1151
1151
1151
1151
1151
1151
1151
1152
1152
1152
1152
1152
1152
1152
1152
1152
1152
1152
1153
1153
1153
1153
1153
1153
1153
1153
1153
1153
1153
1154
1154
1154
1154
1154
1154
1154
1154
1154
1154
1154
1157
1157
1157
1157
1157
1157
1157
1157
1157
1157
1157
1156
1156
1156
1156
1156
1156
1156
1156
1156
1156
1156
1155
1155
1155
1155
1155
1155
1155
1155
1155
1155
1155
1158
1158
1158
1158
1158
1158
1158
1158
1158
1158
1158
1159
1159
1159
1159
1159
1159
1159
1159
1159
1159
1159
1162
1162
1162
1162
1162
1162
1162
1162
1162
1162
1162
1164
1164
1164
1164
1164
1164
1164
1164
1164
1164
1164
1163
1163
1163
1163
1163
1163
1163
1163
1163
1163
1163
1150
1150
1150
1150
1150
1150
1150
1150
1150
1150
1150
1161
1161
1161
1161
1161
1161
1161
1161
1161
1161
1161
1140
1140
1140
1140
1140
1140
1140
1140
1140
1140
1140
1166
1166
1166
1166
1166
1166
1166
1166
1166
1166
1166
1165
1165
1165
1165
1165
1165
1165
1165
1165
1165
1165
1167
1167
1167
1167
1167
1167
1167
1167
1167
1167
1167
1168
1168
1168
1168
1168
1168
1168
1168
1168
1168
1168
1169
1169
1169
1169
1169
1169
1169
1169
1169
1169
1169
1170
1170
1170
1170
1170
1170
1170
1170
1170
1170
1170
1174
1174
1174
1174
1174
1174
1174
1174
1174
1174
1174
1171
1171
1171
1171
1171
1171
1171
1171
1171
1171
1171
1173
1173
1173
1173
1173
1173
1173
1173
1173
1173
1173
1176
1176
1176
1176
1176
1176
1176
1176
1176
1176
1176
1172
1172
1172
1172
1172
1172
1172
1172
1172
1172
1172
1177
1177
1177
1177
1177
1177
1177
1177
1177
1177
1177
1179
1179
1179
1179
1179
1179
1179
1179
1179
1179
1179
1180
1180
1180
1180
1180
1180
1180
1180
1180
1180
1180
1178
1178
1178
1178
1178
1178
1178
1178
1178
1178
1178
1182
1182
1182
1182
1182
1182
1182
1182
1182
1182
1182
1181
1181
1181
1181
1181
1181
1181
1181
1181
1181
1181
1184
1184
1184
1184
1184
1184
1184
1184
1184
1184
1184
1185
1185
1185
1185
1185
1185
1185
1185
1185
1185
1185
1186
1186
1186
1186
1186
1186
1186
1186
1186
1186
1186
1187
1187
1187
1187
1187
1187
1187
1187
1187
1187
1187
1188
1188
1188
1188
1188
1188
1188
1188
1188
1188
1188
1189
1189
1189
1189
1189
1189
1189
1189
1189
1189
1189
1160
1160
1160
1160
1160
1160
1160
1160
1160
1160
1160
1190
1190
1190
1190
1190
1190
1190
1190
1190
1190
1190
1183
1183
1183
1183
1183
1183
1183
1183
1183
1183
1183
1175
1175
1175
1175
1175
1175
1175
1175
1175
1175
1175
1192
1192
1192
1192
1192
1192
1192
1192
1192
1192
1192
1193
1193
1193
1193
1193
1193
1193
1193
1193
1193
1193
1194
1194
1194
1194
1194
1194
1194
1194
1194
1194
1194
1195
1195
1195
1195
1195
1195
1195
1195
1195
1195
1195
1196
1196
1196
1196
1196
1196
1196
1196
1196
1196
1196
1197
1197
1197
1197
1197
1197
1197
1197
1197
1197
1197
1198
1198
1198
1198
1198
1198
1198
1198
1198
1198
1198
1200
1200
1200
1200
1200
1200
1200
1200
1200
1200
1200
1202
1202
1202
1202
1202
1202
1202
1202
1202
1202
1202
1191
1191
1191
1191
1191
1191
1191
1191
1191
1191
1191
1203
1203
1203
1203
1203
1203
1203
1203
1203
1203
1203
1199
1199
1199
1199
1199
1199
1199
1199
1199
1199
1199
1204
1204
1204
1204
1204
1204
1204
1204
1204
1204
1204
1205
1205
1205
1205
1205
1205
1205
1205
1205
1205
1205
1206
1206
1206
1206
1206
1206
1206
1206
1206
1206
1206
1208
1208
1208
1208
1208
1208
1208
1208
1208
1208
1208
1207
1207
1207
1207
1207
1207
1207
1207
1207
1207
1207
1209
1209
1209
1209
1209
1209
1209
1209
1209
1209
1209
1210
1210
1210
1210
1210
1210
1210
1210
1210
1210
1210
1211
1211
1211
1211
1211
1211
1211
1211
1211
1211
1211
1212
1212
1212
1212
1212
1212
1212
1212
1212
1212
1212
1213
1213
1213
1213
1213
1213
1213
1213
1213
1213
1213
1215
1215
1215
1215
1215
1215
1215
1215
1215
1215
1215
1214
1214
1214
1214
1214
1214
1214
1214
1214
1214
1214
1216
1216
1216
1216
1216
1216
1216
1216
1216
1216
1216
1217
1217
1217
1217
1217
1217
1217
1217
1217
1217
1217
1201
1201
1201
1201
1201
1201
1201
1201
1201
1201
1201
1218
1218
1218
1218
1218
1218
1218
1218
1218
1218
1218
1219
1219
1219
1219
1219
1219
1219
1219
1219
1219
1219
1220
1220
1220
1220
1220
1220
1220
1220
1220
1220
1220
1222
1222
1222
1222
1222
1222
1222
1222
1222
1222
1222
1223
1223
1223
1223
1223
1223
1223
1223
1223
1223
1223
1226
1226
1226
1226
1226
1226
1226
1226
1226
1226
1226
1228
1228
1228
1228
1228
1228
1228
1228
1228
1228
1228
1225
1225
1225
1225
1225
1225
1225
1225
1225
1225
1225
1229
1229
1229
1229
1229
1229
1229
1229
1229
1229
1229
1227
1227
1227
1227
1227
1227
1227
1227
1227
1227
1227
1230
1230
1230
1230
1230
1230
1230
1230
1230
1230
1230
1231
1231
1231
1231
1231
1231
1231
1231
1231
1231
1231
1233
1233
1233
1233
1233
1233
1233
1233
1233
1233
1233
1232
1232
1232
1232
1232
1232
1232
1232
1232
1232
1232
1235
1235
1235
1235
1235
1235
1235
1235
1235
1235
1235
1234
1234
1234
1234
1234
1234
1234
1234
1234
1234
1234
1237
1237
1237
1237
1237
1237
1237
1237
1237
1237
1237
1224
1224
1224
1224
1224
1224
1224
1224
1224
1224
1224
1236
1236
1236
1236
1236
1236
1236
1236
1236
1236
1236
1238
1238
1238
1238
1238
1238
1238
1238
1238
1238
1238
1240
1240
1240
1240
1240
1240
1240
1240
1240
1240
1240
1241
1241
1241
1241
1241
1241
1241
1241
1241
1241
1241
1242
1242
1242
1242
1242
1242
1242
1242
1242
1242
1242
1244
1244
1244
1244
1244
1244
1244
1244
1244
1244
1244
1245
1245
1245
1245
1245
1245
1245
1245
1245
1245
1245
1221
1221
1221
1221
1221
1221
1221
1221
1221
1221
1221
1239
1239
1239
1239
1239
1239
1239
1239
1239
1239
1239
1246
1246
1246
1246
1246
1246
1246
1246
1246
1246
1246
1250
1250
1250
1250
1250
1250
1250
1250
1250
1250
1250
1243
1243
1243
1243
1243
1243
1243
1243
1243
1243
1243
1252
1252
1252
1252
1252
1252
1252
1252
1252
1252
1252
1248
1248
1248
1248
1248
1248
1248
1248
1248
1248
1248
1247
1247
1247
1247
1247
1247
1247
1247
1247
1247
1247
1253
1253
1253
1253
1253
1253
1253
1253
1253
1253
1253
1254
1254
1254
1254
1254
1254
1254
1254
1254
1254
1254
1249
1249
1249
1249
1249
1249
1249
1249
1249
1249
1249
1256
1256
1256
1256
1256
1256
1256
1256
1256
1256
1256
1258
1258
1258
1258
1258
1258
1258
1258
1258
1258
1258
1257
1257
1257
1257
1257
1257
1257
1257
1257
1257
1257
1259
1259
1259
1259
1259
1259
1259
1259
1259
1259
1259
1261
1261
1261
1261
1261
1261
1261
1261
1261
1261
1261
1260
1260
1260
1260
1260
1260
1260
1260
1260
1260
1260
1264
1264
1264
1264
1264
1264
1264
1264
1264
1264
1264
1262
1262
1262
1262
1262
1262
1262
1262
1262
1262
1262
1255
1255
1255
1255
1255
1255
1255
1255
1255
1255
1255
1265
1265
1265
1265
1265
1265
1265
1265
1265
1265
1265
1267
1267
1267
1267
1267
1267
1267
1267
1267
1267
1267
1266
1266
1266
1266
1266
1266
1266
1266
1266
1266
1266
1263
1263
1263
1263
1263
1263
1263
1263
1263
1263
1263
1251
1251
1251
1251
1251
1251
1251
1251
1251
1251
1251
1270
1270
1270
1270
1270
1270
1270
1270
1270
1270
1270
1268
1268
1268
1268
1268
1268
1268
1268
1268
1268
1268
1271
1271
1271
1271
1271
1271
1271
1271
1271
1271
1271
1272
1272
1272
1272
1272
1272
1272
1272
1272
1272
1272
1273
1273
1273
1273
1273
1273
1273
1273
1273
1273
1273
1275
1275
1275
1275
1275
1275
1275
1275
1275
1275
1275
1274
1274
1274
1274
1274
1274
1274
1274
1274
1274
1274
1277
1277
1277
1277
1277
1277
1277
1277
1277
1277
1277
1276
1276
1276
1276
1276
1276
1276
1276
1276
1276
1276
1279
1279
1279
1279
1279
1279
1279
1279
1279
1279
1279
1282
1282
1282
1282
1282
1282
1282
1282
1282
1282
1282
1281
1281
1281
1281
1281
1281
1281
1281
1281
1281
1281
1283
1283
1283
1283
1283
1283
1283
1283
1283
1283
1283
1280
1280
1280
1280
1280
1280
1280
1280
1280
1280
1280
1284
1284
1284
1284
1284
1284
1284
1284
1284
1284
1284
1286
1286
1286
1286
1286
1286
1286
1286
1286
1286
1286
1269
1269
1269
1269
1269
1269
1269
1269
1269
1269
1269
1288
1288
1288
1288
1288
1288
1288
1288
1288
1288
1288
1287
1287
1287
1287
1287
1287
1287
1287
1287
1287
1287
1290
1290
1290
1290
1290
1290
1290
1290
1290
1290
1290
1289
1289
1289
1289
1289
1289
1289
1289
1289
1289
1289
1292
1292
1292
1292
1292
1292
1292
1292
1292
1292
1292
1293
1293
1293
1293
1293
1293
1293
1293
1293
1293
1293
1295
1295
1295
1295
1295
1295
1295
1295
1295
1295
1295
1278
1278
1278
1278
1278
1278
1278
1278
1278
1278
1278
1291
1291
1291
1291
1291
1291
1291
1291
1291
1291
1291
1296
1296
1296
1296
1296
1296
1296
1296
1296
1296
1296
1298
1298
1298
1298
1298
1298
1298
1298
1298
1298
1298
1297
1297
1297
1297
1297
1297
1297
1297
1297
1297
1297
1294
1294
1294
1294
1294
1294
1294
1294
1294
1294
1294
1301
1301
1301
1301
1301
1301
1301
1301
1301
1301
1301
1300
1300
1300
1300
1300
1300
1300
1300
1300
1300
1300
1299
1299
1299
1299
1299
1299
1299
1299
1299
1299
1299
1302
1302
1302
1302
1302
1302
1302
1302
1302
1302
1302
1303
1303
1303
1303
1303
1303
1303
1303
1303
1303
1303
1304
1304
1304
1304
1304
1304
1304
1304
1304
1304
1304
1306
1306
1306
1306
1306
1306
1306
1306
1306
1306
1306
1309
1309
1309
1309
1309
1309
1309
1309
1309
1309
1309
1308
1308
1308
1308
1308
1308
1308
1308
1308
1308
1308
1305
1305
1305
1305
1305
1305
1305
1305
1305
1305
1305
1310
1310
1310
1310
1310
1310
1310
1310
1310
1310
1310
1307
1307
1307
1307
1307
1307
1307
1307
1307
1307
1307
1312
1312
1312
1312
1312
1312
1312
1312
1312
1312
1312
1311
1311
1311
1311
1311
1311
1311
1311
1311
1311
1311
1317
1317
1317
1317
1317
1317
1317
1317
1317
1317
1317
1316
1316
1316
1316
1316
1316
1316
1316
1316
1316
1316
1315
1315
1315
1315
1315
1315
1315
1315
1315
1315
1315
1318
1318
1318
1318
1318
1318
1318
1318
1318
1318
1318
1319
1319
1319
1319
1319
1319
1319
1319
1319
1319
1319
1314
1314
1314
1314
1314
1314
1314
1314
1314
1314
1314
1320
1320
1320
1320
1320
1320
1320
1320
1320
1320
1320
1321
1321
1321
1321
1321
1321
1321
1321
1321
1321
1321
1323
1323
1323
1323
1323
1323
1323
1323
1323
1323
1323
1313
1313
1313
1313
1313
1313
1313
1313
1313
1313
1313
1324
1324
1324
1324
1324
1324
1324
1324
1324
1324
1324
1326
1326
1326
1326
1326
1326
1326
1326
1326
1326
1326
1325
1325
1325
1325
1325
1325
1325
1325
1325
1325
1325
1327
1327
1327
1327
1327
1327
1327
1327
1327
1327
1327
1331
1331
1331
1331
1331
1331
1331
1331
1331
1331
1331
1330
1330
1330
1330
1330
1330
1330
1330
1330
1330
1330
1332
1332
1332
1332
1332
1332
1332
1332
1332
1332
1332
1328
1328
1328
1328
1328
1328
1328
1328
1328
1328
1328
1334
1334
1334
1334
1334
1334
1334
1334
1334
1334
1334
1333
1333
1333
1333
1333
1333
1333
1333
1333
1333
1333
1339
1339
1339
1339
1339
1339
1339
1339
1339
1339
1339
1338
1338
1338
1338
1338
1338
1338
1338
1338
1338
1338
1340
1340
1340
1340
1340
1340
1340
1340
1340
1340
1340
1336
1336
1336
1336
1336
1336
1336
1336
1336
1336
1336
1322
1322
1322
1322
1322
1322
1322
1322
1322
1322
1322
1341
1341
1341
1341
1341
1341
1341
1341
1341
1341
1341
1343
1343
1343
1343
1343
1343
1343
1343
1343
1343
1343
1342
1342
1342
1342
1342
1342
1342
1342
1342
1342
1342
1345
1345
1345
1345
1345
1345
1345
1345
1345
1345
1345
1344
1344
1344
1344
1344
1344
1344
1344
1344
1344
1344
1346
1346
1346
1346
1346
1346
1346
1346
1346
1346
1346
1337
1337
1337
1337
1337
1337
1337
1337
1337
1337
1337
1349
1349
1349
1349
1349
1349
1349
1349
1349
1349
1349
1348
1348
1348
1348
1348
1348
1348
1348
1348
1348
1348
1351
1351
1351
1351
1351
1351
1351
1351
1351
1351
1351
1335
1335
1335
1335
1335
1335
1335
1335
1335
1335
1335
1354
1354
1354
1354
1354
1354
1354
1354
1354
1354
1354
1353
1353
1353
1353
1353
1353
1353
1353
1353
1353
1353
1357
1357
1357
1357
1357
1357
1357
1357
1357
1357
1357
1358
1358
1358
1358
1358
1358
1358
1358
1358
1358
1358
1347
1347
1347
1347
1347
1347
1347
1347
1347
1347
1347
1356
1356
1356
1356
1356
1356
1356
1356
1356
1356
1356
1352
1352
1352
1352
1352
1352
1352
1352
1352
1352
1352
1361
1361
1361
1361
1361
1361
1361
1361
1361
1361
1361
1362
1362
1362
1362
1362
1362
1362
1362
1362
1362
1362
1364
1364
1364
1364
1364
1364
1364
1364
1364
1364
1364
1363
1363
1363
1363
1363
1363
1363
1363
1363
1363
1363
1365
1365
1365
1365
1365
1365
1365
1365
1365
1365
1365
1360
1360
1360
1360
1360
1360
1360
1360
1360
1360
1360
1359
1359
1359
1359
1359
1359
1359
1359
1359
1359
1359
1368
1368
1368
1368
1368
1368
1368
1368
1368
1368
1368
1369
1369
1369
1369
1369
1369
1369
1369
1369
1369
1369
1371
1371
1371
1371
1371
1371
1371
1371
1371
1371
1371
1370
1370
1370
1370
1370
1370
1370
1370
1370
1370
1370
1367
1367
1367
1367
1367
1367
1367
1367
1367
1367
1367
1374
1374
1374
1374
1374
1374
1374
1374
1374
1374
1374
1366
1366
1366
1366
1366
1366
1366
1366
1366
1366
1366
1376
1376
1376
1376
1376
1376
1376
1376
1376
1376
1376
1373
1373
1373
1373
1373
1373
1373
1373
1373
1373
1373
1375
1375
1375
1375
1375
1375
1375
1375
1375
1375
1375
1377
1377
1377
1377
1377
1377
1377
1377
1377
1377
1377
1378
1378
1378
1378
1378
1378
1378
1378
1378
1378
1378
1380
1380
1380
1380
1380
1380
1380
1380
1380
1380
1380
1379
1379
1379
1379
1379
1379
1379
1379
1379
1379
1379
1381
1381
1381
1381
1381
1381
1381
1381
1381
1381
1381
1382
1382
1382
1382
1382
1382
1382
1382
1382
1382
1382
1384
1384
1384
1384
1384
1384
1384
1384
1384
1384
1384
1383
1383
1383
1383
1383
1383
1383
1383
1383
1383
1383
1387
1387
1387
1387
1387
1387
1387
1387
1387
1387
1387
1386
1386
1386
1386
1386
1386
1386
1386
1386
1386
1386
1372
1372
1372
1372
1372
1372
1372
1372
1372
1372
1372
1388
1388
1388
1388
1388
1388
1388
1388
1388
1388
1388
1390
1390
1390
1390
1390
1390
1390
1390
1390
1390
1390
1391
1391
1391
1391
1391
1391
1391
1391
1391
1391
1391
1389
1389
1389
1389
1389
1389
1389
1389
1389
1389
1389
1393
1393
1393
1393
1393
1393
1393
1393
1393
1393
1393
1392
1392
1392
1392
1392
1392
1392
1392
1392
1392
1392
1395
1395
1395
1395
1395
1395
1395
1395
1395
1395
1395
1398
1398
1398
1398
1398
1398
1398
1398
1398
1398
1398
1399
1399
1399
1399
1399
1399
1399
1399
1399
1399
1399
1396
1396
1396
1396
1396
1396
1396
1396
1396
1396
1396
1394
1394
1394
1394
1394
1394
1394
1394
1394
1394
1394
1401
1401
1401
1401
1401
1401
1401
1401
1401
1401
1401
1400
1400
1400
1400
1400
1400
1400
1400
1400
1400
1400
1385
1385
1385
1385
1385
1385
1385
1385
1385
1385
1385
1402
1402
1402
1402
1402
1402
1402
1402
1402
1402
1402
1397
1397
1397
1397
1397
1397
1397
1397
1397
1397
1397
1405
1405
1405
1405
1405
1405
1405
1405
1405
1405
1405
1407
1407
1407
1407
1407
1407
1407
1407
1407
1407
1407
1406
1406
1406
1406
1406
1406
1406
1406
1406
1406
1406
1408
1408
1408
1408
1408
1408
1408
1408
1408
1408
1408
1409
1409
1409
1409
1409
1409
1409
1409
1409
1409
1409
1412
1412
1412
1412
1412
1412
1412
1412
1412
1412
1412
1413
1413
1413
1413
1413
1413
1413
1413
1413
1413
1413
1411
1411
1411
1411
1411
1411
1411
1411
1411
1411
1411
1410
1410
1410
1410
1410
1410
1410
1410
1410
1410
1410
1415
1415
1415
1415
1415
1415
1415
1415
1415
1415
1415
1414
1414
1414
1414
1414
1414
1414
1414
1414
1414
1414
1404
1404
1404
1404
1404
1404
1404
1404
1404
1404
1404
1416
1416
1416
1416
1416
1416
1416
1416
1416
1416
1416
1421
1421
1421
1421
1421
1421
1421
1421
1421
1421
1421
1419
1419
1419
1419
1419
1419
1419
1419
1419
1419
1419
1425
1425
1425
1425
1425
1425
1425
1425
1425
1425
1425
1417
1417
1417
1417
1417
1417
1417
1417
1417
1417
1417
1427
1427
1427
1427
1427
1427
1427
1427
1427
1427
1427
1428
1428
1428
1428
1428
1428
1428
1428
1428
1428
1428
1424
1424
1424
1424
1424
1424
1424
1424
1424
1424
1424
1430
1430
1430
1430
1430
1430
1430
1430
1430
1430
1430
1429
1429
1429
1429
1429
1429
1429
1429
1429
1429
1429
1426
1426
1426
1426
1426
1426
1426
1426
1426
1426
1426
1433
1433
1433
1433
1433
1433
1433
1433
1433
1433
1433
1431
1431
1431
1431
1431
1431
1431
1431
1431
1431
1431
1435
1435
1435
1435
1435
1435
1435
1435
1435
1435
1435
1434
1434
1434
1434
1434
1434
1434
1434
1434
1434
1434
1438
1438
1438
1438
1438
1438
1438
1438
1438
1438
1438
1440
1440
1440
1440
1440
1440
1440
1440
1440
1440
1440
1436
1436
1436
1436
1436
1436
1436
1436
1436
1436
1436
1437
1437
1437
1437
1437
1437
1437
1437
1437
1437
1437
1418
1418
1418
1418
1418
1418
1418
1418
1418
1418
1418
1442
1442
1442
1442
1442
1442
1442
1442
1442
1442
1442
1432
1432
1432
1432
1432
1432
1432
1432
1432
1432
1432
1444
1444
1444
1444
1444
1444
1444
1444
1444
1444
1444
1445
1445
1445
1445
1445
1445
1445
1445
1445
1445
1445
1446
1446
1446
1446
1446
1446
1446
1446
1446
1446
1446
1448
1448
1448
1448
1448
1448
1448
1448
1448
1448
1448
1447
1447
1447
1447
1447
1447
1447
1447
1447
1447
1447
1441
1441
1441
1441
1441
1441
1441
1441
1441
1441
1441
1443
1443
1443
1443
1443
1443
1443
1443
1443
1443
1443
1450
1450
1450
1450
1450
1450
1450
1450
1450
1450
1450
1449
1449
1449
1449
1449
1449
1449
1449
1449
1449
1449
1453
1453
1453
1453
1453
1453
1453
1453
1453
1453
1453
1452
1452
1452
1452
1452
1452
1452
1452
1452
1452
1452
1451
1451
1451
1451
1451
1451
1451
1451
1451
1451
1451
1455
1455
1455
1455
1455
1455
1455
1455
1455
1455
1455
1454
1454
1454
1454
1454
1454
1454
1454
1454
1454
1454
1458
1458
1458
1458
1458
1458
1458
1458
1458
1458
1458
1457
1457
1457
1457
1457
1457
1457
1457
1457
1457
1457
1460
1460
1460
1460
1460
1460
1460
1460
1460
1460
1460
1459
1459
1459
1459
1459
1459
1459
1459
1459
1459
1459
1439
1439
1439
1439
1439
1439
1439
1439
1439
1439
1439
1462
1462
1462
1462
1462
1462
1462
1462
1462
1462
1462
1461
1461
1461
1461
1461
1461
1461
1461
1461
1461
1461
1463
1463
1463
1463
1463
1463
1463
1463
1463
1463
1463
1456
1456
1456
1456
1456
1456
1456
1456
1456
1456
1456
1467
1467
1467
1467
1467
1467
1467
1467
1467
1467
1467
1466
1466
1466
1466
1466
1466
1466
1466
1466
1466
1466
1468
1468
1468
1468
1468
1468
1468
1468
1468
1468
1468
1465
1465
1465
1465
1465
1465
1465
1465
1465
1465
1465
1464
1464
1464
1464
1464
1464
1464
1464
1464
1464
1464
1470
1470
1470
1470
1470
1470
1470
1470
1470
1470
1470
1473
1473
1473
1473
1473
1473
1473
1473
1473
1473
1473
1471
1471
1471
1471
1471
1471
1471
1471
1471
1471
1471
1474
1474
1474
1474
1474
1474
1474
1474
1474
1474
1474
1472
1472
1472
1472
1472
1472
1472
1472
1472
1472
1472
1476
1476
1476
1476
1476
1476
1476
1476
1476
1476
1476
1469
1469
1469
1469
1469
1469
1469
1469
1469
1469
1469
1478
1478
1478
1478
1478
1478
1478
1478
1478
1478
1478
1480
1480
1480
1480
1480
1480
1480
1480
1480
1480
1480
1479
1479
1479
1479
1479
1479
1479
1479
1479
1479
1479
1481
1481
1481
1481
1481
1481
1481
1481
1481
1481
1481
1484
1484
1484
1484
1484
1484
1484
1484
1484
1484
1484
1483
1483
1483
1483
1483
1483
1483
1483
1483
1483
1483
1477
1477
1477
1477
1477
1477
1477
1477
1477
1477
1477
1485
1485
1485
1485
1485
1485
1485
1485
1485
1485
1485
1482
1482
1482
1482
1482
1482
1482
1482
1482
1482
1482
1486
1486
1486
1486
1486
1486
1486
1486
1486
1486
1486
1423
1475
1475
1475
1475
1475
1475
1475
1487
1487
1487
1487
1487
1487
1487
1487
1487
1487
1487
1490
1490
1490
1490
1490
1490
1490
1490
1490
1490
1490
1489
1489
1489
1489
1489
1489
1489
1489
1489
1489
1489
1492
1492
1492
1492
1492
1492
1492
1492
1492
1492
1492
1494
1494
1494
1494
1494
1494
1494
1494
1494
1494
1494
1495
1495
1495
1495
1495
1495
1495
1495
1495
1495
1495
1497
1497
1497
1497
1497
1497
1497
1497
1497
1497
1497
1499
1499
1499
1499
1499
1499
1499
1499
1499
1499
1499
1501
1501
1501
1501
1501
1501
1501
1501
1501
1501
1501
1500
1500
1500
1500
1500
1500
1500
1500
1500
1500
1500
1491
1491
1491
1491
1491
1491
1491
1491
1491
1491
1491
1502
1502
1502
1502
1502
1502
1502
1502
1502
1502
1502
1504
1504
1504
1504
1504
1504
1504
1504
1504
1504
1504
1496
1496
1496
1496
1496
1496
1496
1496
1496
1496
1496
1488
1488
1488
1488
1488
1488
1488
1488
1488
1488
1488
1503
1503
1503
1503
1503
1503
1503
1503
1503
1503
1503
1506
1506
1506
1506
1506
1506
1506
1506
1506
1506
1506
1498
1498
1498
1498
1498
1498
1498
1498
1498
1498
1498
1507
1507
1507
1507
1507
1507
1507
1507
1507
1507
1507
1493
1493
1493
1493
1493
1493
1493
1493
1493
1493
1493
1509
1509
1509
1509
1509
1509
1509
1509
1509
1509
1509
1512
1512
1512
1512
1512
1512
1512
1512
1512
1512
1512
1515
1515
1515
1515
1515
1515
1515
1515
1515
1515
1515
1513
1513
1513
1513
1513
1513
1513
1513
1513
1513
1513
1508
1508
1508
1508
1508
1508
1508
1508
1508
1508
1508
1505
1505
1505
1505
1505
1505
1505
1505
1505
1505
1505
1516
1516
1516
1516
1516
1516
1516
1516
1516
1516
1516
1511
1511
1511
1511
1511
1511
1511
1511
1511
1511
1511
1510
1510
1510
1510
1510
1510
1510
1510
1510
1510
1510
1520
1520
1520
1520
1520
1520
1520
1520
1520
1520
1520
1518
1518
1518
1518
1518
1518
1518
1518
1518
1518
1518
1519
1519
1519
1519
1519
1519
1519
1519
1519
1519
1519
1521
1521
1521
1521
1521
1521
1521
1521
1521
1521
1521
1517
1517
1517
1517
1517
1517
1517
1517
1517
1517
1517
1522
1522
1522
1522
1522
1522
1522
1522
1522
1522
1522
1523
1523
1523
1523
1523
1523
1523
1523
1523
1523
1523
1524
1524
1524
1524
1524
1524
1524
1524
1524
1524
1524
1525
1525
1525
1525
1525
1525
1525
1525
1525
1525
1525
1514
1514
1514
1514
1514
1514
1514
1514
1514
1514
1514
1526
1526
1526
1526
1526
1526
1526
1526
1526
1526
1526
1529
1529
1529
1529
1529
1529
1529
1529
1529
1529
1529
1530
1530
1530
1530
1530
1530
1530
1530
1530
1530
1530
1533
1533
1533
1533
1533
1533
1533
1533
1533
1533
1533
1531
1531
1531
1531
1531
1531
1531
1531
1531
1531
1531
1532
1532
1532
1532
1532
1532
1532
1532
1532
1532
1532
1534
1534
1534
1534
1534
1534
1534
1534
1534
1534
1534
1527
1527
1527
1527
1527
1527
1527
1527
1527
1527
1527
1528
1528
1528
1528
1528
1528
1528
1528
1528
1528
1528
1535
1535
1535
1535
1535
1535
1535
1535
1535
1535
1535
1538
1538
1538
1538
1538
1538
1538
1538
1538
1538
1538
1536
1536
1536
1536
1536
1536
1536
1536
1536
1536
1536
1542
1542
1542
1542
1542
1542
1542
1542
1542
1542
1542
1541
1541
1541
1541
1541
1541
1541
1541
1541
1541
1541
1539
1539
1539
1539
1539
1539
1539
1539
1539
1539
1539
1543
1543
1543
1543
1543
1543
1543
1543
1543
1543
1543
1540
1540
1540
1540
1540
1540
1540
1540
1540
1540
1540
1544
1544
1544
1544
1544
1544
1544
1544
1544
1544
1544
1545
1545
1545
1545
1545
1545
1545
1545
1545
1545
1545
1549
1549
1549
1549
1549
1549
1549
1549
1549
1549
1549
1547
1547
1547
1547
1547
1547
1547
1547
1547
1547
1547
1550
1550
1550
1550
1550
1550
1550
1550
1550
1550
1550
1546
1546
1546
1546
1546
1546
1546
1546
1546
1546
1546
1552
1552
1552
1552
1552
1552
1552
1552
1552
1552
1552
1553
1553
1553
1553
1553
1553
1553
1553
1553
1553
1553
1551
1551
1551
1551
1551
1551
1551
1551
1551
1551
1551
1556
1556
1556
1556
1556
1556
1556
1556
1556
1556
1556
1555
1555
1555
1555
1555
1555
1555
1555
1555
1555
1555
1554
1554
1554
1554
1554
1554
1554
1554
1554
1554
1554
1557
1557
1557
1557
1557
1557
1557
1557
1557
1557
1557
1558
1558
1558
1558
1558
1558
1558
1558
1558
1558
1558
1548
1548
1548
1548
1548
1548
1548
1548
1548
1548
1548
1561
1561
1561
1561
1561
1561
1561
1561
1561
1561
1561
1562
1562
1562
1562
1562
1562
1562
1562
1562
1562
1562
1560
1560
1560
1560
1560
1560
1560
1560
1560
1560
1560
1559
1559
1559
1559
1559
1559
1559
1559
1559
1559
1559
1563
1563
1563
1563
1563
1563
1563
1563
1563
1563
1563
1566
1566
1566
1566
1566
1566
1566
1566
1566
1566
1566
1570
1570
1570
1570
1570
1570
1570
1570
1570
1570
1570
1571
1571
1571
1571
1571
1571
1571
1571
1571
1571
1571
1568
1568
1568
1568
1568
1568
1568
1568
1568
1568
1568
1567
1567
1567
1567
1567
1567
1567
1567
1567
1567
1567
1564
1564
1564
1564
1564
1564
1564
1564
1564
1564
1564
1572
1572
1572
1572
1572
1572
1572
1572
1572
1572
1572
1574
1574
1574
1574
1574
1574
1574
1574
1574
1574
1574
1569
1569
1569
1569
1569
1569
1569
1569
1569
1569
1569
1577
1577
1577
1577
1577
1577
1577
1577
1577
1577
1577
1578
1578
1578
1578
1578
1578
1578
1578
1578
1578
1578
1579
1579
1579
1579
1579
1579
1579
1579
1579
1579
1579
1581
1581
1581
1581
1581
1581
1581
1581
1581
1581
1581
1582
1582
1582
1582
1582
1582
1582
1582
1582
1582
1582
1565
1565
1565
1565
1565
1565
1565
1565
1565
1565
1565
1583
1583
1583
1583
1583
1583
1583
1583
1583
1583
1583
1580
1580
1580
1580
1580
1580
1580
1580
1580
1580
1580
1585
1585
1585
1585
1585
1585
1585
1585
1585
1585
1585
1588
1588
1588
1588
1588
1588
1588
1588
1588
1588
1588
1586
1586
1586
1586
1586
1586
1586
1586
1586
1586
1586
1589
1589
1589
1589
1589
1589
1589
1589
1589
1589
1589
1584
1584
1584
1584
1584
1584
1584
1584
1584
1584
1584
1591
1591
1591
1591
1591
1591
1591
1591
1591
1591
1591
1573
1573
1573
1573
1573
1573
1573
1573
1573
1573
1573
1594
1594
1594
1594
1594
1594
1594
1594
1594
1594
1594
1595
1595
1595
1595
1595
1595
1595
1595
1595
1595
1595
1596
1596
1596
1596
1596
1596
1596
1596
1596
1596
1596
1592
1592
1592
1592
1592
1592
1592
1592
1592
1592
1592
1593
1593
1593
1593
1593
1593
1593
1593
1593
1593
1593
1598
1598
1598
1598
1598
1598
1598
1598
1598
1598
1598
1597
1597
1597
1597
1597
1597
1597
1597
1597
1597
1597
1576
1576
1576
1576
1576
1576
1576
1576
1576
1576
1576
1600
1600
1600
1600
1600
1600
1600
1600
1600
1600
1600
1601
1601
1601
1601
1601
1601
1601
1601
1601
1601
1601
1603
1603
1603
1603
1603
1603
1603
1603
1603
1603
1603
1606
1606
1606
1606
1606
1606
1606
1606
1606
1606
1606
1602
1602
1602
1602
1602
1602
1602
1602
1602
1602
1602
1605
1605
1605
1605
1605
1605
1605
1605
1605
1605
1605
1607
1607
1607
1607
1607
1607
1607
1607
1607
1607
1607
1608
1608
1608
1608
1608
1608
1608
1608
1608
1608
1608
1611
1611
1611
1611
1611
1611
1611
1611
1611
1611
1611
1609
1609
1609
1609
1609
1609
1609
1609
1609
1609
1609
1610
1610
1610
1610
1610
1610
1610
1610
1610
1610
1610
1613
1613
1613
1613
1613
1613
1613
1613
1613
1613
1613
1604
1604
1604
1604
1604
1604
1604
1604
1604
1604
1604
1616
1616
1616
1616
1616
1616
1616
1616
1616
1616
1616
1615
1615
1615
1615
1615
1615
1615
1615
1615
1615
1615
1617
1617
1617
1617
1617
1617
1617
1617
1617
1617
1617
1619
1619
1619
1619
1619
1619
1619
1619
1619
1619
1619
1618
1618
1618
1618
1618
1618
1618
1618
1618
1618
1618
1614
1614
1614
1614
1614
1614
1614
1614
1614
1614
1614
1621
1621
1621
1621
1621
1621
1621
1621
1621
1621
1621
1620
1620
1620
1620
1620
1620
1620
1620
1620
1620
1620
1599
1599
1599
1599
1599
1599
1599
1599
1599
1599
1599
1625
1625
1625
1625
1625
1625
1625
1625
1625
1625
1625
1624
1624
1624
1624
1624
1624
1624
1624
1624
1624
1624
1623
1623
1623
1623
1623
1623
1623
1623
1623
1623
1623
1622
1622
1622
1622
1622
1622
1622
1622
1622
1622
1622
1628
1628
1628
1628
1628
1628
1628
1628
1628
1628
1628
1627
1627
1627
1627
1627
1627
1627
1627
1627
1627
1627
1626
1626
1626
1626
1626
1626
1626
1626
1626
1626
1626
1612
1612
1612
1612
1612
1612
1612
1612
1612
1612
1612
1632
1632
1632
1632
1632
1632
1632
1632
1632
1632
1632
1631
1631
1631
1631
1631
1631
1631
1631
1631
1631
1631
1629
1629
1629
1629
1629
1629
1629
1629
1629
1629
1629
1630
1630
1630
1630
1630
1630
1630
1630
1630
1630
1630
1633
1633
1633
1633
1633
1633
1633
1633
1633
1633
1633
1635
1635
1635
1635
1635
1635
1635
1635
1635
1635
1635
1634
1634
1634
1634
1634
1634
1634
1634
1634
1634
1634
1637
1637
1637
1637
1637
1637
1637
1637
1637
1637
1637
1638
1638
1638
1638
1638
1638
1638
1638
1638
1638
1638
1640
1640
1640
1640
1640
1640
1640
1640
1640
1640
1640
1641
1641
1641
1641
1641
1641
1641
1641
1641
1641
1641
1639
1639
1639
1639
1639
1639
1639
1639
1639
1639
1639
1643
1643
1643
1643
1643
1643
1643
1643
1643
1643
1643
1645
1645
1645
1645
1645
1645
1645
1645
1645
1645
1645
1646
1646
1646
1646
1646
1646
1646
1646
1646
1646
1646
1644
1644
1644
1644
1644
1644
1644
1644
1644
1644
1644
1647
1647
1647
1647
1647
1647
1647
1647
1647
1647
1647
1648
1648
1648
1648
1648
1648
1648
1648
1648
1648
1648
1649
1649
1649
1649
1649
1649
1649
1649
1649
1649
1649
1642
1642
1642
1642
1642
1642
1642
1642
1642
1642
1642
1650
1650
1650
1650
1650
1650
1650
1650
1650
1650
1650
1651
1651
1651
1651
1651
1651
1651
1651
1651
1651
1651
1652
1652
1652
1652
1652
1652
1652
1652
1652
1652
1652
1653
1653
1653
1653
1653
1653
1653
1653
1653
1653
1653
1654
1654
1654
1654
1654
1654
1654
1654
1654
1654
1654
1655
1655
1655
1655
1655
1655
1655
1655
1655
1655
1655
1656
1656
1656
1656
1656
1656
1656
1656
1656
1656
1656
1658
1658
1658
1658
1658
1658
1658
1658
1658
1658
1658
1660
1660
1660
1660
1660
1660
1660
1660
1660
1660
1660
1661
1661
1661
1661
1661
1661
1661
1661
1661
1661
1661
1662
1662
1662
1662
1662
1662
1662
1662
1662
1662
1662
1665
1665
1665
1665
1665
1665
1665
1665
1665
1665
1665
1663
1663
1663
1663
1663
1663
1663
1663
1663
1663
1663
1666
1666
1666
1666
1666
1666
1666
1666
1666
1666
1666
1664
1664
1664
1664
1664
1664
1664
1664
1664
1664
1664
1659
1659
1659
1659
1659
1659
1659
1659
1659
1659
1659
1667
1667
1667
1667
1667
1667
1667
1667
1667
1667
1667
1669
1669
1669
1669
1669
1669
1669
1669
1669
1669
1669
1668
1668
1668
1668
1668
1668
1668
1668
1668
1668
1668
1670
1670
1670
1670
1670
1670
1670
1670
1670
1670
1670
1675
1675
1675
1675
1675
1675
1675
1675
1675
1675
1675
1674
1674
1674
1674
1674
1674
1674
1674
1674
1674
1674
1672
1672
1672
1672
1672
1672
1672
1672
1672
1672
1672
1657
1657
1657
1657
1657
1657
1657
1657
1657
1657
1657
1676
1676
1676
1676
1676
1676
1676
1676
1676
1676
1676
1677
1677
1677
1677
1677
1677
1677
1677
1677
1677
1677
1679
1679
1679
1679
1679
1679
1679
1679
1679
1679
1679
1678
1678
1678
1678
1678
1678
1678
1678
1678
1678
1678
1681
1681
1681
1681
1681
1681
1681
1681
1681
1681
1681
1671
1671
1671
1671
1671
1671
1671
1671
1671
1671
1671
1682
1682
1682
1682
1682
1682
1682
1682
1682
1682
1682
1684
1684
1684
1684
1684
1684
1684
1684
1684
1684
1684
1686
1686
1686
1686
1686
1686
1686
1686
1686
1686
1686
1673
1673
1673
1673
1673
1673
1673
1673
1673
1673
1673
1680
1680
1680
1680
1680
1680
1680
1680
1680
1680
1680
1636
1636
1636
1636
1636
1636
1636
1636
1636
1636
1636
1688
1688
1688
1688
1688
1688
1688
1688
1688
1688
1688
1689
1689
1689
1689
1689
1689
1689
1689
1689
1689
1689
1691
1691
1691
1691
1691
1691
1691
1691
1691
1691
1691
1692
1692
1692
1692
1692
1692
1692
1692
1692
1692
1692
1685
1685
1685
1685
1685
1685
1685
1685
1685
1685
1685
1695
1695
1695
1695
1695
1695
1695
1695
1695
1695
1695
1693
1693
1693
1693
1693
1693
1693
1693
1693
1693
1693
1687
1687
1687
1687
1687
1687
1687
1687
1687
1687
1687
1683
1683
1683
1683
1683
1683
1683
1683
1683
1683
1683
1690
1690
1690
1690
1690
1690
1690
1690
1690
1690
1690
1694
1694
1694
1694
1694
1694
1694
1694
1694
1694
1694
1696
1696
1696
1696
1696
1696
1696
1696
1696
1696
1696
1698
1698
1698
1698
1698
1698
1698
1698
1698
1698
1698
1699
1699
1699
1699
1699
1699
1699
1699
1699
1699
1699
1702
1702
1702
1702
1702
1702
1702
1702
1702
1702
1702
1701
1701
1701
1701
1701
1701
1701
1701
1701
1701
1701
1703
1703
1703
1703
1703
1703
1703
1703
1703
1703
1703
1705
1705
1705
1705
1705
1705
1705
1705
1705
1705
1705
1706
1706
1706
1706
1706
1706
1706
1706
1706
1706
1706
1704
1704
1704
1704
1704
1704
1704
1704
1704
1704
1704
1707
1707
1707
1707
1707
1707
1707
1707
1707
1707
1707
1709
1709
1709
1709
1709
1709
1709
1709
1709
1709
1709
1712
1712
1712
1712
1712
1712
1712
1712
1712
1712
1712
1697
1697
1697
1697
1697
1697
1697
1697
1697
1697
1697
1711
1711
1711
1711
1711
1711
1711
1711
1711
1711
1711
1713
1713
1713
1713
1713
1713
1713
1713
1713
1713
1713
1710
1710
1710
1710
1710
1710
1710
1710
1710
1710
1710
1700
1700
1700
1700
1700
1700
1700
1700
1700
1700
1700
1714
1714
1714
1714
1714
1714
1714
1714
1714
1714
1714
1708
1708
1708
1708
1708
1708
1708
1708
1708
1708
1708
1717
1717
1717
1717
1717
1717
1717
1717
1717
1717
1717
1716
1716
1716
1716
1716
1716
1716
1716
1716
1716
1716
1721
1721
1721
1721
1721
1721
1721
1721
1721
1721
1721
1718
1718
1718
1718
1718
1718
1718
1718
1718
1718
1718
1719
1719
1719
1719
1719
1719
1719
1719
1719
1719
1719
1715
1715
1715
1715
1715
1715
1715
1715
1715
1715
1715
1722
1722
1722
1722
1722
1722
1722
1722
1722
1722
1722
1725
1725
1725
1725
1725
1725
1725
1725
1725
1725
1725
1724
1724
1724
1724
1724
1724
1724
1724
1724
1724
1724
1728
1728
1728
1728
1728
1728
1728
1728
1728
1728
1728
1727
1727
1727
1727
1727
1727
1727
1727
1727
1727
1727
1729
1729
1729
1729
1729
1729
1729
1729
1729
1729
1729
1720
1720
1720
1720
1720
1720
1720
1720
1720
1720
1720
1723
1723
1723
1723
1723
1723
1723
1723
1723
1723
1723
1730
1730
1730
1730
1730
1730
1730
1730
1730
1730
1730
1732
1732
1732
1732
1732
1732
1732
1732
1732
1732
1732
1735
1735
1735
1735
1735
1735
1735
1735
1735
1735
1735
1734
1734
1734
1734
1734
1734
1734
1734
1734
1734
1734
1726
1726
1726
1726
1726
1726
1726
1726
1726
1726
1726
1736
1736
1736
1736
1736
1736
1736
1736
1736
1736
1736
1737
1737
1737
1737
1737
1737
1737
1737
1737
1737
1737
1739
1739
1739
1739
1739
1739
1739
1739
1739
1739
1739
1731
1731
1731
1731
1731
1731
1731
1731
1731
1731
1731
1733
1733
1733
1733
1733
1733
1733
1733
1733
1733
1733
1741
1741
1741
1741
1741
1741
1741
1741
1741
1741
1741
1740
1740
1740
1740
1740
1740
1740
1740
1740
1740
1740
1742
1742
1742
1742
1742
1742
1742
1742
1742
1742
1742
1743
1743
1743
1743
1743
1743
1743
1743
1743
1743
1743
1745
1745
1745
1745
1745
1745
1745
1745
1745
1745
1745
1744
1744
1744
1744
1744
1744
1744
1744
1744
1744
1744
1748
1748
1748
1748
1748
1748
1748
1748
1748
1748
1748
1749
1749
1749
1749
1749
1749
1749
1749
1749
1749
1749
1747
1747
1747
1747
1747
1747
1747
1747
1747
1747
1747
1746
1746
1746
1746
1746
1746
1746
1746
1746
1746
1746
1750
1750
1750
1750
1750
1750
1750
1750
1750
1750
1750
1752
1752
1752
1752
1752
1752
1752
1752
1752
1752
1752
1751
1751
1751
1751
1751
1751
1751
1751
1751
1751
1751
1753
1753
1753
1753
1753
1753
1753
1753
1753
1753
1753
1755
1755
1755
1755
1755
1755
1755
1755
1755
1755
1755
1757
1757
1757
1757
1757
1757
1757
1757
1757
1757
1757
1759
1759
1759
1759
1759
1759
1759
1759
1759
1759
1759
1760
1760
1760
1760
1760
1760
1760
1760
1760
1760
1760
1738
1738
1738
1738
1738
1738
1738
1738
1738
1738
1738
1761
1761
1761
1761
1761
1761
1761
1761
1761
1761
1761
1758
1758
1758
1758
1758
1758
1758
1758
1758
1758
1758
1762
1762
1762
1762
1762
1762
1762
1762
1762
1762
1762
1756
1756
1756
1756
1756
1756
1756
1756
1756
1756
1756
1763
1763
1763
1763
1763
1763
1763
1763
1763
1763
1763
1765
1765
1765
1765
1765
1765
1765
1765
1765
1765
1765
1764
1764
1764
1764
1764
1764
1764
1764
1764
1764
1764
1767
1767
1767
1767
1767
1767
1767
1767
1767
1767
1767
1769
1769
1769
1769
1769
1769
1769
1769
1769
1769
1769
1768
1768
1768
1768
1768
1768
1768
1768
1768
1768
1768
1766
1766
1766
1766
1766
1766
1766
1766
1766
1766
1766
1772
1772
1772
1772
1772
1772
1772
1772
1772
1772
1772
1771
1771
1771
1771
1771
1771
1771
1771
1771
1771
1771
1776
1776
1776
1776
1776
1776
1776
1776
1776
1776
1776
1774
1774
1774
1774
1774
1774
1774
1774
1774
1774
1774
1770
1770
1770
1770
1770
1770
1770
1770
1770
1770
1770
1754
1754
1754
1754
1754
1754
1754
1754
1754
1754
1754
1777
1777
1777
1777
1777
1777
1777
1777
1777
1777
1777
1773
1773
1773
1773
1773
1773
1773
1773
1773
1773
1773
1779
1779
1779
1779
1779
1779
1779
1779
1779
1779
1779
1780
1780
1780
1780
1780
1780
1780
1780
1780
1780
1780
1782
1782
1782
1782
1782
1782
1782
1782
1782
1782
1782
1784
1784
1784
1784
1784
1784
1784
1784
1784
1784
1784
1781
1781
1781
1781
1781
1781
1781
1781
1781
1781
1781
1785
1785
1785
1785
1785
1785
1785
1785
1785
1785
1785
1778
1778
1778
1778
1778
1778
1778
1778
1778
1778
1778
1787
1787
1787
1787
1787
1787
1787
1787
1787
1787
1787
1783
1783
1783
1783
1783
1783
1783
1783
1783
1783
1783
1790
1790
1790
1790
1790
1790
1790
1790
1790
1790
1790
1789
1789
1789
1789
1789
1789
1789
1789
1789
1789
1789
1775
1775
1775
1775
1775
1775
1775
1775
1775
1775
1775
1793
1793
1793
1793
1793
1793
1793
1793
1793
1793
1793
1792
1792
1792
1792
1792
1792
1792
1792
1792
1792
1792
1791
1791
1791
1791
1791
1791
1791
1791
1791
1791
1791
1786
1786
1786
1786
1786
1786
1786
1786
1786
1786
1786
1795
1795
1795
1795
1795
1795
1795
1795
1795
1795
1795
1798
1798
1798
1798
1798
1798
1798
1798
1798
1798
1798
1796
1796
1796
1796
1796
1796
1796
1796
1796
1796
1796
1800
1800
1800
1800
1800
1800
1800
1800
1800
1800
1800
1801
1801
1801
1801
1801
1801
1801
1801
1801
1801
1801
1788
1788
1788
1788
1788
1788
1788
1788
1788
1788
1788
1799
1799
1799
1799
1799
1799
1799
1799
1799
1799
1799
1803
1803
1803
1803
1803
1803
1803
1803
1803
1803
1803
1797
1797
1797
1797
1797
1797
1797
1797
1797
1797
1797
1804
1804
1804
1804
1804
1804
1804
1804
1804
1804
1804
1805
1805
1805
1805
1805
1805
1805
1805
1805
1805
1805
1806
1806
1806
1806
1806
1806
1806
1806
1806
1806
1806
1794
1794
1794
1794
1794
1794
1794
1794
1794
1794
1794
1807
1807
1807
1807
1807
1807
1807
1807
1807
1807
1807
1809
1809
1809
1809
1809
1809
1809
1809
1809
1809
1809
1811
1811
1811
1811
1811
1811
1811
1811
1811
1811
1811
1813
1813
1813
1813
1813
1813
1813
1813
1813
1813
1813
1810
1810
1810
1810
1810
1810
1810
1810
1810
1810
1810
1814
1814
1814
1814
1814
1814
1814
1814
1814
1814
1814
1808
1808
1808
1808
1808
1808
1808
1808
1808
1808
1808
1802
1802
1802
1802
1802
1802
1802
1802
1802
1802
1802
1817
1817
1817
1817
1817
1817
1817
1817
1817
1817
1817
1816
1816
1816
1816
1816
1816
1816
1816
1816
1816
1816
1815
1815
1815
1815
1815
1815
1815
1815
1815
1815
1815
1818
1818
1818
1818
1818
1818
1818
1818
1818
1818
1818
1819
1819
1819
1819
1819
1819
1819
1819
1819
1819
1819
1820
1820
1820
1820
1820
1820
1820
1820
1820
1820
1820
1821
1821
1821
1821
1821
1821
1821
1821
1821
1821
1821
1825
1825
1825
1825
1825
1825
1825
1825
1825
1825
1825
1826
1826
1826
1826
1826
1826
1826
1826
1826
1826
1826
1822
1822
1822
1822
1822
1822
1822
1822
1822
1822
1822
1828
1828
1828
1828
1828
1828
1828
1828
1828
1828
1828
1827
1827
1827
1827
1827
1827
1827
1827
1827
1827
1827
1823
1823
1823
1823
1823
1823
1823
1823
1823
1823
1823
1829
1829
1829
1829
1829
1829
1829
1829
1829
1829
1829
1830
1830
1830
1830
1830
1830
1830
1830
1830
1830
1830
1832
1832
1832
1832
1832
1832
1832
1832
1832
1832
1832
1834
1834
1834
1834
1834
1834
1834
1834
1834
1834
1834
1831
1831
1831
1831
1831
1831
1831
1831
1831
1831
1831
1835
1835
1835
1835
1835
1835
1835
1835
1835
1835
1835
1833
1833
1833
1833
1833
1833
1833
1833
1833
1833
1833
1836
1836
1836
1836
1836
1836
1836
1836
1836
1836
1836
1837
1837
1837
1837
1837
1837
1837
1837
1837
1837
1837
1838
1838
1838
1838
1838
1838
1838
1838
1838
1838
1838
1839
1839
1839
1839
1839
1839
1839
1839
1839
1839
1839
1824
1824
1824
1824
1824
1824
1824
1824
1824
1824
1824
1842
1842
1842
1842
1842
1842
1842
1842
1842
1842
1842
1843
1843
1843
1843
1843
1843
1843
1843
1843
1843
1843
1844
1844
1844
1844
1844
1844
1844
1844
1844
1844
1844
1845
1845
1845
1845
1845
1845
1845
1845
1845
1845
1845
1846
1846
1846
1846
1846
1846
1846
1846
1846
1846
1846
1840
1840
1840
1840
1840
1840
1840
1840
1840
1840
1840
1847
1847
1847
1847
1847
1847
1847
1847
1847
1847
1847
1848
1848
1848
1848
1848
1848
1848
1848
1848
1848
1848
1841
1841
1841
1841
1841
1841
1841
1841
1841
1841
1841
1850
1850
1850
1850
1850
1850
1850
1850
1850
1850
1850
1849
1849
1849
1849
1849
1849
1849
1849
1849
1849
1849
1852
1852
1852
1852
1852
1852
1852
1852
1852
1852
1852
1854
1854
1854
1854
1854
1854
1854
1854
1854
1854
1854
1853
1853
1853
1853
1853
1853
1853
1853
1853
1853
1853
1855
1855
1855
1855
1855
1855
1855
1855
1855
1855
1855
1856
1856
1856
1856
1856
1856
1856
1856
1856
1856
1856
1857
1857
1857
1857
1857
1857
1857
1857
1857
1857
1857
1858
1858
1858
1858
1858
1858
1858
1858
1858
1858
1858
1861
1861
1861
1861
1861
1861
1861
1861
1861
1861
1861
1860
1860
1860
1860
1860
1860
1860
1860
1860
1860
1860
1862
1862
1862
1862
1862
1862
1862
1862
1862
1862
1862
1851
1851
1851
1851
1851
1851
1851
1851
1851
1851
1851
1863
1863
1863
1863
1863
1863
1863
1863
1863
1863
1863
1859
1859
1859
1859
1859
1859
1859
1859
1859
1859
1859
1864
1864
1864
1864
1864
1864
1864
1864
1864
1864
1864
1865
1865
1865
1865
1865
1865
1865
1865
1865
1865
1865
1867
1867
1867
1867
1867
1867
1867
1867
1867
1867
1867
1866
1866
1866
1866
1866
1866
1866
1866
1866
1866
1866
1868
1868
1868
1868
1868
1868
1868
1868
1868
1868
1868
1871
1871
1871
1871
1871
1871
1871
1871
1871
1871
1871
1875
1875
1875
1875
1875
1875
1875
1875
1875
1875
1875
1872
1872
1872
1872
1872
1872
1872
1872
1872
1872
1872
1876
1876
1876
1876
1876
1876
1876
1876
1876
1876
1876
1877
1877
1877
1877
1877
1877
1877
1877
1877
1877
1877
1870
1870
1870
1870
1870
1870
1870
1870
1870
1870
1870
1878
1878
1878
1878
1878
1878
1878
1878
1878
1878
1878
1869
1869
1869
1869
1869
1869
1869
1869
1869
1869
1869
1880
1880
1880
1880
1880
1880
1880
1880
1880
1880
1880
1873
1873
1873
1873
1873
1873
1873
1873
1873
1873
1873
1882
1882
1882
1882
1882
1882
1882
1882
1882
1882
1882
1879
1879
1879
1879
1879
1879
1879
1879
1879
1879
1879
1883
1883
1883
1883
1883
1883
1883
1883
1883
1883
1883
1885
1885
1885
1885
1885
1885
1885
1885
1885
1885
1885
1884
1884
1884
1884
1884
1884
1884
1884
1884
1884
1884
1886
1886
1886
1886
1886
1886
1886
1886
1886
1886
1886
1887
1887
1887
1887
1887
1887
1887
1887
1887
1887
1887
1890
1890
1890
1890
1890
1890
1890
1890
1890
1890
1890
1889
1889
1889
1889
1889
1889
1889
1889
1889
1889
1889
1894
1894
1894
1894
1894
1894
1894
1894
1894
1894
1894
1896
1896
1896
1896
1896
1896
1896
1896
1896
1896
1896
1895
1895
1895
1895
1895
1895
1895
1895
1895
1895
1895
1897
1897
1897
1897
1897
1897
1897
1897
1897
1897
1897
1898
1898
1898
1898
1898
1898
1898
1898
1898
1898
1898
1888
1888
1888
1888
1888
1888
1888
1888
1888
1888
1888
1874
1874
1874
1874
1874
1874
1874
1874
1874
1874
1874
1900
1900
1900
1900
1900
1900
1900
1900
1900
1900
1900
1899
1899
1899
1899
1899
1899
1899
1899
1899
1899
1899
1901
1901
1901
1901
1901
1901
1901
1901
1901
1901
1901
1904
1904
1904
1904
1904
1904
1904
1904
1904
1904
1904
1902
1902
1902
1902
1902
1902
1902
1902
1902
1902
1902
1903
1903
1903
1903
1903
1903
1903
1903
1903
1903
1903
1905
1905
1905
1905
1905
1905
1905
1905
1905
1905
1905
1906
1906
1906
1906
1906
1906
1906
1906
1906
1906
1906
1907
1907
1907
1907
1907
1907
1907
1907
1907
1907
1907
1892
1892
1892
1892
1892
1892
1892
1892
1892
1892
1892
1908
1908
1908
1908
1908
1908
1908
1908
1908
1908
1908
1913
1913
1913
1913
1913
1913
1913
1913
1913
1913
1913
1912
1912
1912
1912
1912
1912
1912
1912
1912
1912
1912
1915
1915
1915
1915
1915
1915
1915
1915
1915
1915
1915
1893
1893
1893
1893
1893
1893
1893
1893
1893
1893
1893
1914
1914
1914
1914
1914
1914
1914
1914
1914
1914
1914
1910
1910
1910
1910
1910
1910
1910
1910
1910
1910
1910
1916
1916
1916
1916
1916
1916
1916
1916
1916
1916
1916
1922
1922
1922
1922
1922
1922
1922
1922
1922
1922
1922
1920
1920
1920
1920
1920
1920
1920
1920
1920
1920
1920
1917
1917
1917
1917
1917
1917
1917
1917
1917
1917
1917
1923
1923
1923
1923
1923
1923
1923
1923
1923
1923
1923
1925
1925
1925
1925
1925
1925
1925
1925
1925
1925
1925
1909
1909
1909
1909
1909
1909
1909
1909
1909
1909
1909
1928
1928
1928
1928
1928
1928
1928
1928
1928
1928
1928
1927
1927
1927
1927
1927
1927
1927
1927
1927
1927
1927
1926
1926
1926
1926
1926
1926
1926
1926
1926
1926
1926
1931
1931
1931
1931
1931
1931
1931
1931
1931
1931
1931
1932
1932
1932
1932
1932
1932
1932
1932
1932
1932
1932
1919
1919
1919
1919
1919
1919
1919
1919
1919
1919
1919
1935
1935
1935
1935
1935
1935
1935
1935
1935
1935
1935
1933
1933
1933
1933
1933
1933
1933
1933
1933
1933
1933
1929
1929
1929
1929
1929
1929
1929
1929
1929
1929
1929
1930
1930
1930
1930
1930
1930
1930
1930
1930
1930
1930
1939
1939
1939
1939
1939
1939
1939
1939
1939
1939
1939
1938
1938
1938
1938
1938
1938
1938
1938
1938
1938
1938
1937
1937
1937
1937
1937
1937
1937
1937
1937
1937
1937
1940
1940
1940
1940
1940
1940
1940
1940
1940
1940
1940
1941
1941
1941
1941
1941
1941
1941
1941
1941
1941
1941
1943
1943
1943
1943
1943
1943
1943
1943
1943
1943
1943
1934
1934
1934
1934
1934
1934
1934
1934
1934
1934
1934
1945
1945
1945
1945
1945
1945
1945
1945
1945
1945
1945
1944
1944
1944
1944
1944
1944
1944
1944
1944
1944
1944
1936
1936
1936
1936
1936
1936
1936
1936
1936
1936
1936
1948
1948
1948
1948
1948
1948
1948
1948
1948
1948
1948
1924
1924
1924
1924
1924
1924
1924
1924
1924
1924
1924
1946
1946
1946
1946
1946
1946
1946
1946
1946
1946
1946
1950
1950
1950
1950
1950
1950
1950
1950
1950
1950
1950
1949
1949
1949
1949
1949
1949
1949
1949
1949
1949
1949
1952
1952
1952
1952
1952
1952
1952
1952
1952
1952
1952
1954
1954
1954
1954
1954
1954
1954
1954
1954
1954
1954
1951
1951
1951
1951
1951
1951
1951
1951
1951
1951
1951
1947
1947
1947
1947
1947
1947
1947
1947
1947
1947
1947
1957
1957
1957
1957
1957
1957
1957
1957
1957
1957
1957
1958
1958
1958
1958
1958
1958
1958
1958
1958
1958
1958
1942
1942
1942
1942
1942
1942
1942
1942
1942
1942
1942
1962
1962
1962
1962
1962
1962
1962
1962
1962
1962
1962
1961
1961
1961
1961
1961
1961
1961
1961
1961
1961
1961
1953
1953
1953
1953
1953
1953
1953
1953
1953
1953
1953
1964
1964
1964
1964
1964
1964
1964
1964
1964
1964
1964
1956
1956
1956
1956
1956
1956
1956
1956
1956
1956
1956
1959
1959
1959
1959
1959
1959
1959
1959
1959
1959
1959
1965
1965
1965
1965
1965
1965
1965
1965
1965
1965
1965
1970
1970
1970
1970
1970
1970
1970
1970
1970
1970
1970
1966
1966
1966
1966
1966
1966
1966
1966
1966
1966
1966
1969
1969
1969
1969
1969
1969
1969
1969
1969
1969
1969
1967
1967
1967
1967
1967
1967
1967
1967
1967
1967
1967
1963
1963
1963
1963
1963
1963
1963
1963
1963
1963
1963
1968
1968
1968
1968
1968
1968
1968
1968
1968
1968
1968
1973
1973
1973
1973
1973
1973
1973
1973
1973
1973
1973
1974
1974
1974
1974
1974
1974
1974
1974
1974
1974
1974
1975
1975
1975
1975
1975
1975
1975
1975
1975
1975
1975
1977
1977
1977
1977
1977
1977
1977
1977
1977
1977
1977
1976
1976
1976
1976
1976
1976
1976
1976
1976
1976
1976
1979
1979
1979
1979
1979
1979
1979
1979
1979
1979
1979
1972
1972
1972
1972
1972
1972
1972
1972
1972
1972
1972
1978
1978
1978
1978
1978
1978
1978
1978
1978
1978
1978
1981
1981
1981
1981
1981
1981
1981
1981
1981
1981
1981
1983
1983
1983
1983
1983
1983
1983
1983
1983
1983
1983
1982
1982
1982
1982
1982
1982
1982
1982
1982
1982
1982
1980
1980
1980
1980
1980
1980
1980
1980
1980
1980
1980
1984
1984
1984
1984
1984
1984
1984
1984
1984
1984
1984
1985
1985
1985
1985
1985
1985
1985
1985
1985
1985
1985
1987
1987
1987
1987
1987
1987
1987
1987
1987
1987
1987
1989
1989
1989
1989
1989
1989
1989
1989
1989
1989
1989
1990
1990
1990
1990
1990
1990
1990
1990
1990
1990
1990
1991
1991
1991
1991
1991
1991
1991
1991
1991
1991
1991
1988
1988
1988
1988
1988
1988
1988
1988
1988
1988
1988
1994
1994
1994
1994
1994
1994
1994
1994
1994
1994
1994
1995
1995
1995
1995
1995
1995
1995
1995
1995
1995
1995
1971
1971
1971
1971
1971
1971
1971
1971
1971
1971
1971
1996
1996
1996
1996
1996
1996
1996
1996
1996
1996
1996
1998
1998
1998
1998
1998
1998
1998
1998
1998
1998
1998
1960
1960
1960
1960
1960
1960
1960
1960
1960
1960
1960
1992
1992
1992
1992
1992
1992
1992
1992
1992
1992
1992
2000
2000
2000
2000
2000
2000
2000
2000
2000
2000
2000
1986
1986
1986
1986
1986
1986
1986
1986
1986
1986
1986
1999
1999
1999
1999
1999
1999
1999
1999
1999
1999
1999
